
1000  719130  498905 
1000  762702  499472 
1000  774630  499224 
1000  743808  499224 
1000  746772  498069 
1000  736089  499247 
1000  754734  498554 
1000  747936  498870 
1000  748839  497547 
1000  749274  498174 
1000  739974  499122 
1000  764253  498905 
1000  751791  498870 
1000  727638  499409 
1000  740856  498419 
1000  759756  499434 
1000  740931  498680 
1000  759888  498225 
1000  724950  499310 
1000  741651  498972 
1000  743874  496179 
1000  742986  498015 
1000  773298  498759 
1000  723927  498870 
1000  774516  498069 
1000  775962  498680 
1000  750747  498639 
1000  730284  499472 
1000  754506  497960 
1000  712815  499247 
1000  769905  499269 
1000  728196  497670 
1000  754707  499224 
1000  761646  498680 
1000  721587  498510 
1000  738237  498225 
1000  773820  498419 
1000  762243  499485 
1000  775239  499175 
1000  769398  498069 
1000  749202  498834 
1000  769401  499290 
1000  748104  497222 
1000  742095  498972 
1000  737127  498465 
1000  754416  496650 
1000  739833  495405 
1000  754560  496097 
1000  739080  499247 
1000  757704  497670 
1000  737922  498939 
1000  739959  499175 
1000  769284  499490 
1000  746301  496179 
1000  740307  496799 
1000  745218  499224 
1000  743148  499004 
1000  765564  494940 
1000  735453  498939 
1000  735225  499065 
1000  769344  498720 
1000  744363  499122 
1000  748344  499200 
1000  750915  498225 
1000  753381  497847 
1000  750582  498639 
1000  758463  498465 
1000  747936  499035 
1000  737571  496340 
1000  772191  497904 
1000  769395  498639 
1000  753909  498797 
1000  731478  496260 
1000  717108  498905 
1000  746274  498905 
1000  765069  497847 
1000  742032  498465 
1000  754572  499224 
1000  743436  498174 
1000  731451  497789 
1000  761514  498372 
1000  730878  496799 
1000  744387  499364 
1000  739785  498510 
1000  745716  499065 
1000  740205  497609 
1000  761193  499149 
1000  752934  499434 
1000  753084  498122 
1000  763212  499380 
1000  763365  498372 
1000  733614  498465 
1000  751659  498419 
1000  747687  499065 
1000  761592  498174 
1000  735342  499122 
1000  771987  498465 
1000  741282  497547 
1000  761802  499395 
1000  749769  499290 
1000  738180  498797 
1000  757368  499175 
1000  740472  497222 
1000  759447  499409 
1000  749460  498324 
1000  741117  498939 
1000  752064  499224 
1000  748827  497670 
1000  743604  498972 
1000  733572  499409 
1000  749160  498720 
1000  762645  498554 
1000  755043  497789 
1000  776535  497420 
1000  759009  498174 
1000  766311  496340 
1000  748335  498797 
1000  743295  498797 
1000  763926  498324 
1000  730695  498797 
1000  752850  498720 
1000  716061  497904 
1000  761997  499485 
1000  767328  497085 
1000  740616  497085 
1000  757386  497289 
1000  759966  497904 
1000  746073  497730 
1000  734046  497547 
1000  774789  499224 
1000  748497  497547 
1000  735090  496497 
1000  750366  499004 
1000  747246  499094 
1000  736104  499094 
1000  748338  499347 
1000  766905  498174 
1000  751611  499004 
1000  765756  498639 
1000  772083  499247 
1000  782280  499329 
1000  760380  498597 
1000  775266  498597 
1000  747045  499409 
1000  748164  498720 
1000  734517  497670 
1000  746019  499224 
1000  746121  497154 
1000  758439  498174 
1000  751377  498069 
1000  726936  498419 
1000  741468  499455 
1000  739362  497484 
1000  767376  497789 
1000  741312  499409 
1000  738630  498680 
1000  736359  499094 
1000  707535  496574 
1000  756996  498680 
1000  759444  499175 
1000  750219  498905 
1000  766665  499035 
1000  747267  497670 
1000  755346  498759 
1000  718128  498069 
1000  765771  496799 
1000  771288  498372 
1000  743295  499409 
1000  751122  498680 
1000  772494  499290 
1000  752061  498015 
1000  737553  499175 
1000  742992  498939 
1000  747588  499122 
1000  776802  499310 
1000  757719  499004 
1000  739893  499494 
1000  790296  499122 
1000  720561  498069 
1000  742479  498834 
1000  741564  499094 
1000  745599  499269 
1000  741351  499485 
1000  753504  498419 
1000  753222  499395 
1000  731700  496872 
1000  776328  499500 
1000  773679  499149 
1000  754908  497420 
1000  778098  499247 
1000  772320  499464 
1000  766599  499380 
1000  764130  498720 
1000  731478  499422 
1000  748815  499490 
1000  776640  499479 
1000  742776  499485 
1000  745950  496650 
1000  743622  499445 
1000  773904  498510 
1000  715209  499422 
1000  752736  497484 
1000  736323  499122 
1000  755343  499269 
1000  763044  498905 
1000  739113  497355 
1000  759237  499445 
1000  745557  497730 
1000  735819  499347 
1000  756918  498069 
1000  761895  498597 
1000  715818  499290 
1000  781005  497222 
1000  735675  499247 
1000  724029  499094 
1000  747633  496944 
1000  742881  499004 
1000  757644  499455 
1000  739329  499094 
1000  766227  495584 
1000  718014  499224 
1000  762711  498225 
1000  746133  498972 
1000  727662  499149 
1000  728070  499500 
1000  765903  499247 
1000  746319  499310 
1000  774804  499490 
1000  753819  497547 
1000  751311  498939 
1000  759828  498324 
1000  735894  499409 
1000  734460  498275 
1000  736326  499347 
1000  751761  498372 
1000  758049  499464 
1000  759471  499364 
1000  737244  498870 
1000  711900  496650 
1000  764805  499122 
1000  760248  497289 
1000  720618  498759 
1000  788196  498510 
1000  756090  499247 
1000  758238  499422 
1000  763884  495845 
1000  754740  498554 
1000  737535  498680 
1000  766530  499065 
1000  759168  499175 
1000  784890  499395 
1000  764316  499310 
1000  756273  498939 
1000  743214  497847 
1000  715098  498419 
1000  776604  498122 
1000  755598  499035 
1000  742092  498510 
1000  764691  498680 
1000  755703  497547 
1000  735441  499094 
1000  736344  497904 
1000  752664  499269 
1000  735330  498324 
1000  741795  499065 
1000  776445  499200 
1000  763173  498597 
1000  738771  498680 
1000  764721  499499 
1000  737058  499200 
1000  748842  499175 
1000  762441  499395 
1000  747477  498015 
1000  739446  499065 
1000  753381  498939 
1000  747279  499200 
1000  730116  499364 
1000  749016  499347 
1000  744663  499175 
1000  745059  499494 
1000  760002  499200 
1000  722631  498324 
1000  728844  496014 
1000  779931  499175 
1000  745164  494844 
1000  743766  499310 
1000  777552  499004 
1000  763104  498680 
1000  732489  499149 
1000  750282  499310 
1000  755133  498372 
1000  768864  499310 
1000  748065  497484 
1000  755505  499269 
1000  780468  498834 
1000  740838  499004 
1000  774972  498834 
1000  756600  497670 
1000  770655  497670 
1000  734109  498554 
1000  760311  498972 
1000  772215  497222 
1000  732507  498680 
1000  736482  498720 
1000  749718  498465 
1000  754137  496725 
1000  747000  499200 
1000  746733  497484 
1000  731178  495672 
1000  737355  497355 
1000  753108  497847 
1000  757551  498174 
1000  710592  497547 
1000  733329  498720 
1000  759885  498554 
1000  771969  498759 
1000  770508  498720 
1000  762606  499224 
1000  756804  499247 
1000  769419  499149 
1000  751500  498834 
1000  755904  499247 
1000  756150  499329 
1000  759705  498510 
1000  763770  496340 
1000  767730  497609 
1000  744723  499175 
1000  731970  497847 
1000  720897  498465 
1000  734976  498870 
1000  758193  498419 
1000  761268  498759 
1000  748524  499065 
1000  763695  499200 
1000  760896  499464 
1000  755055  498972 
1000  750378  498797 
1000  751272  499347 
1000  743763  499380 
1000  744009  498834 
1000  715812  499149 
1000  778713  499422 
1000  746613  499290 
1000  758349  498905 
1000  734445  498510 
1000  743793  497355 
1000  755745  499409 
1000  762225  498972 
1000  736068  499004 
1000  760986  499269 
1000  734796  499497 
1000  753786  498122 
1000  767337  498419 
1000  746307  497547 
1000  780462  498834 
1000  766830  499395 
1000  771159  499422 
1000  761928  499395 
1000  754032  497789 
1000  759978  498597 
1000  742512  499149 
1000  756483  498510 
1000  764781  498720 
1000  756678  498720 
1000  712830  499455 
1000  745383  498639 
1000  739692  497960 
1000  726276  498680 
1000  774966  499247 
1000  739989  498680 
1000  754143  499445 
1000  762564  499035 
1000  735315  499094 
1000  774309  499224 
1000  773724  499409 
1000  747558  498834 
1000  754830  498225 
1000  762201  498870 
1000  787233  497609 
1000  769023  499329 
1000  735561  498419 
1000  750018  498939 
1000  725295  498720 
1000  749592  499464 
1000  781179  499395 
1000  745743  499004 
1000  767679  498372 
1000  755622  499269 
1000  732477  499380 
1000  773283  497154 
1000  751986  499464 
1000  769533  499094 
1000  757143  499472 
1000  765585  499122 
1000  724947  498797 
1000  745674  499065 
1000  751341  499409 
1000  740922  498122 
1000  771207  499035 
1000  758562  498720 
1000  750282  498419 
1000  781431  499329 
1000  779982  499269 
1000  752541  498905 
1000  717903  498680 
1000  759966  497960 
1000  759738  496944 
1000  743220  498797 
1000  746247  499472 
1000  786234  498870 
1000  759612  498419 
1000  739650  499329 
1000  771912  498870 
1000  736425  499200 
1000  758391  498939 
1000  732207  497730 
1000  743040  498324 
1000  706245  499094 
1000  783285  498720 
1000  751596  499409 
1000  718020  499445 
1000  755100  499329 
1000  733488  498834 
1000  739947  499455 
1000  738360  499004 
1000  737658  498122 
1000  748311  499464 
1000  738417  498597 
1000  762129  498870 
1000  767625  499395 
1000  759225  499329 
1000  739755  498680 
1000  783480  499485 
1000  761949  499364 
1000  741078  499200 
1000  742401  499224 
1000  769488  499149 
1000  732630  498015 
1000  729843  499499 
1000  753555  499422 
1000  754068  499329 
1000  761262  499455 
1000  722505  497904 
1000  772029  499175 
1000  707946  499269 
1000  740799  499290 
1000  728718  498720 
1000  741777  496872 
1000  743169  499004 
1000  742806  498554 
1000  754626  498870 
1000  747426  498680 
1000  780414  499094 
1000  761436  498759 
1000  726567  499434 
1000  763428  498597 
1000  739158  499004 
1000  752235  498939 
1000  732828  498597 
1000  757644  499224 
1000  767244  499122 
1000  775695  499175 
1000  743640  498174 
1000  742551  498069 
1000  746793  499310 
1000  724710  497420 
1000  739644  498554 
1000  742308  499269 
1000  718623  498225 
1000  750342  496097 
1000  751230  494940 
1000  755796  498597 
1000  764190  498275 
1000  776001  498834 
1000  727329  496260 
1000  756765  499175 
1000  733005  493284 
1000  746901  499094 
1000  738270  499094 
1000  763434  498510 
1000  755889  498465 
1000  738795  498510 
1000  763803  498797 
1000  779385  499409 
1000  759714  499455 
1000  744753  498972 
1000  742626  498372 
1000  763548  499224 
1000  747489  499497 
1000  754983  499004 
1000  775647  498680 
1000  763185  499035 
1000  716085  497789 
1000  763797  498680 
1000  757629  499464 
1000  746148  497847 
1000  748896  498939 
1000  711366  498680 
1000  733074  496872 
1000  734097  497847 
1000  764235  498554 
1000  739281  498870 
1000  751803  499122 
1000  762507  498639 
1000  749793  499364 
1000  725847  499290 
1000  736788  498015 
1000  752361  499485 
1000  760530  499329 
1000  745188  497847 
1000  724149  498834 
1000  755502  497547 
1000  726282  499065 
1000  758526  497085 
1000  720063  498465 
1000  756804  499494 
1000  732504  498797 
1000  763956  499395 
1000  763395  499422 
1000  732012  497904 
1000  745686  499364 
1000  754971  498554 
1000  732474  496419 
1000  735129  498554 
1000  724452  496260 
1000  738612  499149 
1000  716577  496872 
1000  744564  499247 
1000  734082  498015 
1000  760848  495930 
1000  757797  499065 
1000  772275  498797 
1000  777744  498720 
1000  745719  497789 
1000  760413  499310 
1000  766971  499004 
1000  759660  498834 
1000  757932  498069 
1000  742182  499035 
1000  772608  498324 
1000  715929  498324 
1000  751815  498639 
1000  739236  499479 
1000  754380  498972 
1000  744087  499464 
1000  770601  498174 
1000  754428  498465 
1000  731619  497484 
1000  794082  499175 
1000  775587  499224 
1000  753975  498759 
1000  736020  498419 
1000  766992  499329 
1000  745755  498639 
1000  756228  498797 
1000  737469  498372 
1000  736608  499224 
1000  754092  499445 
1000  767865  498797 
1000  738666  499004 
1000  747720  499455 
1000  764811  497484 
1000  765390  499310 
1000  768453  498225 
1000  742341  496725 
1000  753798  498069 
1000  749463  498554 
1000  761718  498465 
1000  730269  499247 
1000  768543  496497 
1000  735468  497222 
1000  763629  499122 
1000  731154  499395 
1000  745386  498720 
1000  774411  499347 
1000  768714  497355 
1000  736740  499149 
1000  773388  497789 
1000  764118  499409 
1000  750186  498834 
1000  757695  497015 
1000  765294  499290 
1000  729561  499490 
1000  774357  498759 
1000  767409  499380 
1000  766953  498639 
1000  753681  498554 
1000  756861  498797 
1000  744624  499065 
1000  742239  498939 
1000  749595  498720 
1000  753390  499409 
1000  737847  497960 
1000  752808  497960 
1000  730683  499434 
1000  735828  495314 
1000  761706  499224 
1000  732099  498225 
1000  758577  499445 
1000  744948  498554 
1000  753750  499065 
1000  755514  499247 
1000  776592  499329 
1000  772554  497355 
1000  724398  498324 
1000  780537  499065 
1000  751752  498069 
1000  736890  497847 
1000  775389  499485 
1000  744939  499409 
1000  732195  498122 
1000  725577  499247 
1000  770379  498275 
1000  735648  499175 
1000  737454  499479 
1000  729225  497847 
1000  791460  499434 
1000  759162  499409 
1000  734406  499175 
1000  731211  498554 
1000  757941  498275 
1000  750255  499149 
1000  733023  499269 
1000  773637  499175 
1000  748701  498510 
1000  747252  499310 
1000  776151  499247 
1000  746712  498680 
1000  738987  498797 
1000  763671  497355 
1000  739029  499422 
1000  748548  499035 
1000  766263  499490 
1000  734706  499290 
1000  745476  498720 
1000  738750  498419 
1000  746397  498554 
1000  744174  499247 
1000  731913  497015 
1000  731586  499497 
1000  762066  499445 
1000  761091  499380 
1000  771960  494940 
1000  765408  498639 
1000  758589  498797 
1000  773628  498905 
1000  748644  499290 
1000  764904  495845 
1000  773433  497904 
1000  762273  499224 
1000  745911  498939 
1000  738141  493722 
1000  759792  499224 
1000  764673  498759 
1000  746640  498870 
1000  766695  498797 
1000  741738  499224 
1000  737229  495930 
1000  749535  498759 
1000  760194  499094 
1000  746598  499149 
1000  730842  499290 
1000  710340  498372 
1000  740517  499422 
1000  769344  499380 
1000  724611  498870 
1000  747099  499035 
1000  748833  499094 
1000  731679  497670 
1000  763155  498870 
1000  730491  499290 
1000  752808  499290 
1000  729348  498639 
1000  773388  499395 
1000  754620  497355 
1000  747600  496799 
1000  767193  496872 
1000  764388  497355 
1000  747189  498372 
1000  753183  496340 
1000  726978  499422 
1000  743628  499422 
1000  737877  495672 
1000  755664  499200 
1000  780204  498122 
1000  750078  498972 
1000  735288  499464 
1000  743382  499200 
1000  754263  497904 
1000  747678  499455 
1000  742674  498174 
1000  743478  498720 
1000  729183  496799 
1000  749319  498905 
1000  765768  498939 
1000  748935  498597 
1000  747036  499122 
1000  747723  498372 
1000  755217  499149 
1000  753129  498597 
1000  768849  499004 
1000  726783  499290 
1000  727863  499455 
1000  766356  499035 
1000  720003  499364 
1000  742041  494747 
1000  731175  499434 
1000  774447  499004 
1000  739575  497609 
1000  756810  499149 
1000  720105  499247 
1000  728868  499122 
1000  746049  499464 
1000  749814  499479 
1000  750690  498324 
1000  750723  499464 
1000  741249  499422 
1000  750231  499347 
1000  760908  499200 
1000  772449  499364 
1000  739527  499497 
1000  736566  498174 
1000  753675  498069 
1000  745101  498015 
1000  743256  498834 
1000  728619  499347 
1000  770565  497355 
1000  766362  499149 
1000  747030  498510 
1000  757119  498972 
1000  725658  498225 
1000  758550  497609 
1000  763110  499347 
1000  739098  498905 
1000  773652  498870 
1000  743601  499035 
1000  752112  498797 
1000  752778  499094 
1000  748092  497484 
1000  732498  498510 
1000  728952  496097 
1000  708999  498465 
1000  761499  498465 
1000  767340  499380 
1000  745203  497420 
1000  729348  498275 
1000  767448  499329 
1000  729903  499065 
1000  735042  499035 
1000  739983  498972 
1000  765549  498834 
1000  758037  499004 
1000  760692  497730 
1000  758571  498597 
1000  768435  499065 
1000  762231  496872 
1000  730692  498905 
1000  757584  499247 
1000  777252  498639 
1000  731448  499347 
1000  744420  497085 
1000  757797  498797 
1000  725973  497730 
1000  721395  498834 
1000  734754  498720 
1000  721155  498174 
1000  756249  499455 
1000  723852  498680 
1000  718302  499122 
1000  757428  498972 
1000  766425  498122 
1000  741078  499094 
1000  736086  498870 
1000  750399  498720 
1000  749178  497609 
1000  745647  498639 
1000  738651  498015 
1000  759009  499310 
1000  756363  498972 
1000  744324  499224 
1000  733482  499485 
1000  716442  499122 
1000  757140  498905 
1000  752235  499472 
1000  735687  499200 
1000  726015  498069 
1000  766650  498122 
1000  719916  497222 
1000  735390  499290 
1000  738726  498870 
1000  771813  497730 
1000  784830  499347 
1000  756543  499149 
1000  742689  498972 
1000  719655  498225 
1000  753480  499094 
1000  750684  498554 
1000  743622  498797 
1000  757872  498275 
1000  760968  499094 
1000  755865  499347 
1000  770724  495495 
1000  748947  498510 
1000  745488  498275 
1000  742422  499395 
1000  724995  499455 
1000  737355  498372 
1000  758373  499065 
1000  738075  498597 
1000  762363  499122 
1000  744018  499329 
1000  774015  498554 
1000  758793  497547 
1000  719307  498870 
1000  761721  498597 
1000  753801  498225 
1000  753654  498870 
1000  744006  499269 
1000  740919  498275 
1000  742176  498465 
1000  747471  499035 
1000  743958  497547 
1000  731064  498275 
1000  740124  499310 
1000  763020  499290 
1000  755526  498797 
1000  782013  499004 
1000  750996  498174 
1000  772707  498465 
1000  740397  499122 
1000  740892  499490 
1000  761229  499035 
1000  752328  499035 
1000  735072  498759 
1000  755166  499380 
1000  755832  498465 
1000  757209  499364 
1000  710622  498554 
1000  752550  499329 
1000  766746  497789 
1000  775128  497154 
1000  753387  497670 
1000  752424  498834 
1000  731616  499004 
1000  751227  498720 
1000  754551  498372 
1000  737688  497609 
1000  737283  499472 
1000  736974  499247 
1000  731745  498015 
1000  736392  499329 
1000  745185  499094 
1000  734442  499409 
1000  755838  497609 
1000  762630  498465 
1000  755184  499247 
1000  708243  498015 
1000  769341  499329 
1000  783912  498870 
1000  742989  496497 
1000  763122  498554 
1000  753843  499175 
1000  742572  499269 
1000  748134  499479 
1000  752001  498174 
1000  759549  498720 
1000  725373  498015 
1000  750402  497960 
1000  737166  499490 
1000  750069  499310 
1000  787125  499479 
1000  746421  496944 
1000  749457  499490 
1000  747054  498465 
1000  760308  498597 
1000  719859  497289 
1000  767082  499494 
1000  713400  498972 
1000  728475  498275 
1000  774876  499065 
1000  757497  499494 
1000  731469  499329 
1000  763302  499200 
1000  748707  497547 
1000  759873  499200 
1000  760269  499364 
1000  740061  497289 
1000  758688  499310 
1000  756393  499035 
1000  737007  498870 
1000  759306  498510 
1000  763662  498905 
1000  726390  498972 
1000  732432  499065 
1000  775851  498870 
1000  748848  498905 
1000  767781  498122 
1000  712185  498174 
1000  729210  499329 
1000  727494  499122 
1000  727737  497484 
