
100  7470  4905 
101  7740  5005 
102  7935  5096 
103  8022  5187 
104  8091  5278 
105  8247  5369 
106  8517  5460 
107  8547  5551 
108  8661  5642 
109  8745  5733 
110  9021  5859 
111  9276  5952 
112  9288  6045 
113  9573  6192 
114  9849  6288 
115  10002  6384 
116  10287  6480 
117  10338  6576 
118  10395  6672 
119  10422  6768 
120  10482  6864 
121  10818  7232 
122  10935  7345 
123  11010  7458 
124  11166  7571 
125  11295  7684 
126  11370  7797 
127  11403  7910 
128  11565  8023 
129  11874  8136 
130  12060  8249 
131  12390  8362 
132  12675  8475 
133  12720  8588 
134  12780  8701 
135  13182  9045 
136  13422  9180 
137  13800  9315 
138  13839  9450 
139  14211  9585 
140  14301  9720 
141  14673  9855 
142  14958  9990 
143  15066  10125 
144  15363  10260 
145  15582  10395 
146  15879  10530 
147  16107  10665 
148  16377  10800 
149  16758  10935 
150  17010  11070 
151  17340  11205 
152  17715  11340 
153  18114  11475 
154  18561  11775 
155  18639  11925 
156  18717  12075 
157  18798  12225 
158  18918  12375 
159  19200  12525 
160  19665  12714 
161  19986  12870 
162  20172  13026 
163  20505  13182 
164  20871  13338 
165  21111  13494 
166  21447  13650 
167  21612  13806 
168  21840  13962 
169  22236  14118 
170  22335  14274 
171  22671  14430 
172  22986  14586 
173  23451  14742 
174  23928  14960 
175  24108  15120 
176  24300  15280 
177  24615  15440 
178  25071  15600 
179  25572  15876 
180  25827  16044 
181  26049  16212 
182  26409  16380 
183  26538  16548 
184  26664  16716 
185  27015  16884 
186  27282  17052 
187  27540  17220 
188  28020  17388 
189  28437  17556 
190  28455  17724 
191  28932  17892 
192  29175  18060 
193  29403  18228 
194  29706  18396 
195  29787  18564 
196  30312  18920 
197  30423  19096 
198  30717  19272 
199  30906  19448 
200  30912  19624 
201  31356  19800 
202  31374  19976 
203  31761  20152 
204  32133  20328 
205  32712  20855 
206  32721  21049 
207  32745  21243 
208  33111  21437 
209  33657  21631 
210  34275  21942 
211  34335  22149 
212  34494  22356 
213  34905  22563 
214  35118  22770 
215  35466  22977 
216  35673  23184 
217  36210  23391 
218  36225  23598 
219  36330  23805 
220  36696  24012 
221  36738  24219 
222  36768  24426 
223  37428  24752 
224  37740  24973 
225  38115  25194 
226  38220  25415 
227  38457  25636 
228  39015  25857 
229  39462  26078 
230  39936  26299 
231  40506  26520 
232  40773  26741 
233  41268  26962 
234  41598  27183 
235  41646  27404 
236  42111  27625 
237  42456  27846 
238  42531  28067 
239  42702  28288 
240  42948  28509 
241  42999  28730 
242  43230  28951 
243  43671  29172 
244  44205  29393 
245  44685  29614 
246  44805  29835 
247  44862  30056 
248  45234  30277 
249  45369  30498 
250  45525  30719 
251  45585  30940 
252  45741  31161 
253  45936  31382 
254  45981  31603 
255  46521  31824 
256  47175  32045 
257  47328  32266 
258  47379  32487 
259  47859  32708 
260  48555  33319 
261  49149  33552 
262  49509  33785 
263  49716  34018 
264  50082  34251 
265  50808  34749 
266  51069  34992 
267  51183  35235 
268  51507  35478 
269  51828  35721 
270  52143  35964 
271  52770  36207 
272  53142  36450 
273  53724  36693 
274  54033  36936 
275  54159  37179 
276  54471  37422 
277  54939  37665 
278  55095  37908 
279  55830  38253 
280  56481  38499 
281  56874  38745 
282  57648  39368 
283  58482  39897 
284  59094  40176 
285  59895  40455 
286  60468  40734 
287  60927  41013 
288  61059  41292 
289  61695  41571 
290  61827  41850 
291  61866  42129 
292  62283  42408 
293  62817  42687 
294  63087  42966 
295  63888  43245 
296  64359  43524 
297  64905  43803 
298  64923  44082 
299  65745  44361 
300  65763  44640 
301  66123  44919 
302  66714  45198 
303  67143  45477 
304  67260  45756 
305  67302  46035 
306  67860  46314 
307  68313  46593 
308  68865  46872 
309  69639  47151 
310  69942  47430 
311  70245  47709 
312  70461  47988 
313  70668  48267 
314  70959  48546 
315  71853  49335 
316  72027  49634 
317  72957  50071 
318  73449  50382 
319  73800  50693 
320  74481  51004 
321  75105  51315 
322  75492  51626 
323  75633  51937 
324  75864  52248 
325  76563  52559 
326  76632  52870 
327  77424  53181 
328  77757  53492 
329  77859  53803 
330  78552  54114 
331  78903  54425 
332  79395  54736 
333  79755  55047 
334  80577  55358 
335  81150  55669 
336  81546  55980 
337  81963  56291 
338  82002  56602 
339  82971  57186 
340  83163  57510 
341  83532  57834 
342  83823  58158 
343  84333  58482 
344  84969  58806 
345  85608  59130 
346  86070  59454 
347  86916  59778 
348  87543  60102 
349  88494  60426 
350  88644  60750 
351  88914  61074 
352  89514  61398 
353  90108  61722 
354  90582  62046 
355  91476  62370 
356  91707  62694 
357  92250  63018 
358  92904  63342 
359  93549  63666 
360  94143  63990 
361  94413  64314 
362  95409  64935 
363  96489  65702 
364  97179  66063 
365  97986  66424 
366  98604  66785 
367  99696  67160 
368  99828  67525 
369  100491  67890 
370  101535  68255 
371  101859  68620 
372  102885  68985 
373  103125  69350 
374  104019  69715 
375  104613  70080 
376  105579  70445 
377  105753  70810 
378  106083  71175 
379  106572  71540 
380  106698  71905 
381  107238  72270 
382  108051  72635 
383  108792  73000 
384  109929  73530 
385  110073  73910 
386  110598  74290 
387  110826  74670 
388  111540  75050 
389  111573  75430 
390  112548  75810 
391  112704  76190 
392  113034  76570 
393  113925  76950 
394  114075  77330 
395  115146  77710 
396  115674  78090 
397  116484  78470 
398  117558  78850 
399  118200  79230 
400  118461  79610 
401  119508  79990 
402  120534  80370 
403  120723  80750 
404  120861  81130 
405  121611  81510 
406  122463  81890 
407  123597  82270 
408  124575  82650 
409  125787  83430 
410  126228  83835 
411  127290  84240 
412  127854  84645 
413  127923  85050 
414  128559  85455 
415  129111  85860 
416  129294  86265 
417  130446  86670 
418  131298  87075 
419  132264  87480 
420  133440  87885 
421  134064  88290 
422  135168  88695 
423  135444  89100 
424  135666  89505 
425  136899  90022 
426  137076  90434 
427  137874  90846 
428  138696  91258 
429  138780  91670 
430  138954  92082 
431  140103  92494 
432  141270  92906 
433  142521  93423 
434  142626  93841 
435  142629  94259 
436  143385  94677 
437  144387  95095 
438  145605  95513 
439  146046  95931 
440  147045  96349 
441  147429  96767 
442  147672  97185 
443  147897  97603 
444  148353  98021 
445  149274  98439 
446  150102  98857 
447  150792  99275 
448  151629  99693 
449  152001  100111 
450  152289  100529 
451  153078  100947 
452  154143  101365 
453  154302  101783 
454  155436  102201 
455  156723  102985 
456  156864  103415 
457  158169  103986 
458  158970  104422 
459  159993  104858 
460  160014  105294 
461  161031  105730 
462  161880  106166 
463  163146  106602 
464  164124  107038 
465  165048  107474 
466  166323  107910 
467  166671  108346 
468  167241  108782 
469  168468  109218 
470  169317  109654 
471  169515  110090 
472  169743  110526 
473  170892  110962 
474  171348  111398 
475  172077  111834 
476  172779  112270 
477  174105  112965 
478  174120  113408 
479  174285  113851 
480  174579  114294 
481  174918  114737 
482  175902  115180 
483  177336  116397 
484  177852  116876 
485  178575  117355 
486  179928  117834 
487  180561  118313 
488  181242  118792 
489  182013  119271 
490  182229  119750 
491  182931  120229 
492  183252  120708 
493  184422  121187 
494  184989  121666 
495  186348  122145 
496  186993  122624 
497  187446  123103 
498  187707  123582 
499  188970  124061 
500  189216  124540 
501  190428  125019 
502  191910  125730 
503  192432  126225 
504  193341  126720 
505  193806  127215 
506  195111  127710 
507  195255  128205 
508  195639  128700 
509  196971  129195 
510  197214  129690 
511  197994  130185 
512  198189  130680 
513  199494  131175 
514  200262  131670 
515  201012  132165 
516  201528  132660 
517  202206  133155 
518  203595  133650 
519  204837  134145 
520  206313  134640 
521  206433  135135 
522  206814  135630 
523  207105  136125 
524  208413  136620 
525  209418  137115 
526  209619  137610 
527  210027  138105 
528  211500  138600 
529  212007  139095 
530  212190  139590 
531  212394  140085 
532  212592  140580 
533  212754  141075 
534  213552  141570 
535  214719  142065 
536  215394  142560 
537  215937  143055 
538  217212  143550 
539  218316  144045 
540  218640  144540 
541  220191  145817 
542  220446  146335 
543  220989  146853 
544  222333  147371 
545  223398  147889 
546  224724  148407 
547  224961  148925 
548  225120  149443 
549  226308  149961 
550  227838  150479 
551  227922  150997 
552  229218  151515 
553  229539  152033 
554  229932  152551 
555  230943  153069 
556  232347  153587 
557  232986  154105 
558  234429  154623 
559  235767  155141 
560  236952  155659 
561  238569  156870 
562  240099  157410 
563  241491  157950 
564  241629  158490 
565  242310  159030 
566  243219  159570 
567  244059  160110 
568  245331  160650 
569  245874  161190 
570  246120  161730 
571  247701  162270 
572  248178  162810 
573  248727  163350 
574  249180  163890 
575  249357  164430 
576  251022  165410 
577  251175  165966 
578  251601  166522 
579  251721  167078 
580  253083  167634 
581  253416  168190 
582  253617  168746 
583  254583  169302 
584  255303  169858 
585  255942  170414 
586  256194  170970 
587  256611  171526 
588  257916  172082 
589  257925  172638 
590  257997  173194 
591  258789  173750 
592  260514  174816 
593  262194  175392 
594  262635  175968 
595  262716  176544 
596  263394  177120 
597  264801  177696 
598  265764  178272 
599  265947  178848 
600  266166  179424 
601  267390  180000 
602  267468  180576 
603  268203  181152 
604  269994  182091 
605  270570  182689 
606  271518  183287 
607  273255  183885 
608  273981  184483 
609  275367  185081 
610  275418  185679 
611  275721  186277 
612  277410  186875 
613  277662  187473 
614  278985  188071 
615  279651  188669 
616  280584  189267 
617  282168  189865 
618  283284  190463 
619  283674  191061 
620  285285  191659 
621  286452  192257 
622  287643  192855 
623  289209  193453 
624  290322  194051 
625  291975  194649 
626  293622  195247 
627  295350  195845 
628  296625  196443 
629  297411  197041 
630  297480  197639 
631  298959  198237 
632  299142  198835 
633  299307  199433 
634  299640  200031 
635  299808  200629 
636  300561  201227 
637  301821  201825 
638  301896  202423 
639  303366  203021 
640  304185  203619 
641  304326  204217 
642  306072  204815 
643  306792  205413 
644  307158  206011 
645  308379  206609 
646  309741  207207 
647  311019  207805 
648  312024  208403 
649  312594  209001 
650  314295  209599 
651  315030  210197 
652  316782  210795 
653  317814  211393 
654  318204  211991 
655  319230  212589 
656  320040  213187 
657  320244  213785 
658  321141  214383 
659  321330  214981 
660  322344  215579 
661  323316  216177 
662  325014  216775 
663  326166  217373 
664  327276  217971 
665  327345  218569 
666  328623  219167 
667  330438  220281 
668  331854  220887 
669  333210  221493 
670  334590  222099 
671  334848  222705 
672  336351  223311 
673  337584  223917 
674  338553  224523 
675  340383  225459 
676  340833  226070 
677  341166  226681 
678  342372  227292 
679  343878  227903 
680  344820  228514 
681  345786  229125 
682  345993  229736 
683  346758  230347 
684  348717  233151 
685  349299  233805 
686  351042  234459 
687  351816  235113 
688  352593  235767 
689  353199  236421 
690  354138  237075 
691  355893  237729 
692  357489  238383 
693  358107  239037 
694  359013  239691 
695  359640  240345 
696  360342  240999 
697  360477  241653 
698  360930  242307 
699  360993  242961 
700  362553  243615 
701  364422  244269 
702  364725  244923 
703  365751  245577 
704  366876  246231 
705  368169  246885 
706  368988  247539 
707  370593  248193 
708  372231  248847 
709  374256  250458 
710  375297  251134 
711  375729  251810 
712  376647  252486 
713  377844  253162 
714  379071  253838 
715  379893  254514 
716  381681  255190 
717  382611  255866 
718  384237  256542 
719  384636  257218 
720  386178  257894 
721  386550  258570 
722  386661  259246 
723  387714  259922 
724  388788  260598 
725  389844  261274 
726  391536  261950 
727  393309  262626 
728  394485  263302 
729  396621  265236 
730  398445  265949 
731  398967  266662 
732  400896  267375 
733  402993  268088 
734  404562  268801 
735  405423  269514 
736  406683  270227 
737  406905  270940 
738  407202  271653 
739  407895  272366 
740  407997  273079 
741  409338  273792 
742  410541  274505 
743  411600  275218 
744  411912  275931 
745  412140  276644 
746  414015  277357 
747  416160  278166 
748  417339  278882 
749  418656  279598 
750  419010  280314 
751  419463  281030 
752  421188  281746 
753  421635  282462 
754  423129  283178 
755  423618  283894 
756  425115  284610 
757  426102  285326 
758  426135  286042 
759  426537  286758 
760  427473  287474 
761  429396  288190 
762  430395  288906 
763  431034  289622 
764  432897  290338 
765  433206  291054 
766  434727  291770 
767  435579  292486 
768  436077  293202 
769  437907  293918 
770  439488  294634 
771  440064  295350 
772  440946  296066 
773  441393  296782 
774  443076  297498 
775  444318  298214 
776  444963  298930 
777  446271  299646 
778  447423  300362 
779  449274  301078 
780  449559  301794 
781  451038  302510 
782  453321  305181 
783  455343  305943 
784  457296  306705 
785  458805  307467 
786  459009  308229 
787  460209  308991 
788  460368  309753 
789  460611  310515 
790  462177  311277 
791  463314  312039 
792  465498  312801 
793  465741  313563 
794  467541  314325 
795  469311  315087 
796  469830  315849 
797  470805  316611 
798  471051  317373 
799  472095  318135 
800  472539  318897 
801  474408  319659 
802  476040  320421 
803  477411  321183 
804  479676  321945 
805  480618  322707 
806  480786  323469 
807  481329  324231 
808  483543  324993 
809  484875  325755 
810  484878  326517 
811  484956  327279 
812  485334  328041 
813  487719  329942 
814  489888  330738 
815  492261  331534 
816  493785  332330 
817  496113  333126 
818  497283  333922 
819  498948  334718 
820  499077  335514 
821  499398  336310 
822  499749  337106 
823  502137  337928 
824  502647  338725 
825  504807  339522 
826  506562  340319 
827  507609  341116 
828  508290  341913 
829  510264  342710 
830  512349  343507 
831  513513  344304 
832  514911  345101 
833  516237  345898 
834  516243  346695 
835  517557  347492 
836  519774  348289 
837  519978  349086 
838  521835  349883 
839  523893  350680 
840  525426  351477 
841  527304  352274 
842  529428  353071 
843  531357  353868 
844  533172  354665 
845  535032  355462 
846  536886  356259 
847  537708  357056 
848  539454  357853 
849  539901  358650 
850  542436  360819 
851  544338  361665 
852  545097  362511 
853  545445  363357 
854  547263  364203 
855  548592  365049 
856  551148  365937 
857  552198  366790 
858  554511  367643 
859  555201  368496 
860  555687  369349 
861  557637  370202 
862  559506  371055 
863  561441  371908 
864  562071  372761 
865  563964  373614 
866  564546  374467 
867  564906  375320 
868  566976  376173 
869  569436  377026 
870  571836  377879 
871  572832  378732 
872  574617  379585 
873  576678  380438 
874  577026  381291 
875  578061  382144 
876  579429  382997 
877  581655  383850 
878  583548  384703 
879  584034  385556 
880  584085  386409 
881  585969  387262 
882  588360  388115 
883  589188  388968 
884  591411  389821 
885  593046  390674 
886  595227  391527 
887  597447  392380 
888  597510  393233 
889  599430  394086 
890  599712  394939 
891  600297  395792 
892  601545  396645 
893  603741  397498 
894  606237  398351 
895  608094  399204 
896  609540  400057 
897  610005  400910 
898  612249  401763 
899  613095  402616 
900  613476  403469 
901  615576  404322 
902  617433  405175 
903  619668  406028 
904  621138  406881 
905  623376  407734 
906  623970  408587 
907  624084  409440 
908  625836  410293 
909  628335  411146 
910  628947  411999 
911  630783  412852 
912  632481  413705 
913  632877  414558 
914  635610  417240 
915  636933  418152 
916  639027  419064 
917  641262  419976 
918  642093  420888 
919  644256  421800 
920  645717  422712 
921  646803  423624 
922  649527  424536 
923  652224  425448 
924  652788  426360 
925  655332  427272 
926  657180  428184 
927  659235  429096 
928  659559  430008 
929  660999  430920 
930  661149  431832 
931  661800  432744 
932  662559  433656 
933  664665  434568 
934  664848  435480 
935  667137  436392 
936  668712  437304 
937  669471  438216 
938  671865  439128 
939  672495  440040 
940  673041  440952 
941  673263  441864 
942  675786  442776 
943  678147  443688 
944  678723  444600 
945  681246  445512 
946  682110  446424 
947  684786  447336 
948  686769  448248 
949  688467  449160 
950  690564  450072 
951  691206  450984 
952  694056  452676 
953  696108  453627 
954  696696  454578 
955  697266  455529 
956  699072  456480 
957  701595  457431 
958  704238  458382 
959  706428  459333 
960  707541  460284 
961  710373  461235 
962  713247  462238 
963  715068  463197 
964  717150  464156 
965  717315  465115 
966  718677  466074 
967  719508  467033 
968  720450  467992 
969  721359  468951 
970  722862  469910 
971  724377  470869 
972  725466  471828 
973  726666  472787 
974  727674  473746 
975  729366  474705 
976  730275  475664 
977  732105  476623 
978  733680  477582 
979  733722  478541 
980  734448  479500 
981  735234  480459 
982  735930  481418 
983  736650  482377 
984  739551  483516 
985  740877  484484 
986  742203  485452 
987  744042  486420 
988  745023  487388 
989  746148  488356 
990  747315  489324 
991  749433  490292 
992  750516  491260 
993  751680  492228 
994  752778  493196 
995  753069  494164 
996  754404  495132 
997  756915  496100 
998  758028  497068 
999  760353  498036 
1000  760779  499004 
