
100  468  951     36
101  492  980     42
102  465  977     42
103  462  926     42
104  441  1044     32
105  477  995     40
106  489  970     50
107  477  1093     38
108  489  1103     34
109  489  1127     40
110  531  1056     44
111  522  1110     46
112  540  1156     40
113  507  1073     52
114  531  1142     40
115  540  1126     38
116  537  1106     48
117  540  1226     40
118  531  1242     36
119  534  1294     50
120  576  1342     46
121  576  1144     60
122  597  1201     46
123  576  1229     42
124  606  1244     44
125  591  1254     38
126  606  1330     36
127  597  1317     42
128  591  1631     28
129  648  1298     48
130  636  1255     62
131  654  1481     38
132  639  1497     46
133  648  1407     48
134  660  1371     56
135  660  1368     50
136  666  1386     46
137  690  1443     46
138  711  1464     42
139  669  1480     44
140  693  1437     52
141  711  1394     54
142  690  1404     70
143  684  1545     42
144  699  1556     40
145  720  1535     46
146  705  1447     54
147  711  1571     44
148  735  1541     58
149  744  1495     52
150  798  1544     62
151  714  1593     44
152  777  1586     52
153  756  1583     62
154  753  1672     52
155  789  1637     56
156  825  1628     68
157  780  1627     48
158  798  1585     54
159  816  1715     52
160  831  1731     50
161  816  1631     56
162  858  1699     48
163  831  1913     44
164  819  1821     58
165  861  1737     68
166  837  1887     52
167  840  1841     50
168  870  1700     74
169  876  2194     50
170  909  2172     52
171  903  1795     76
172  900  1851     58
173  879  1805     56
174  894  1951     56
175  954  1752     88
176  936  1864     62
177  921  2093     62
178  939  2200     52
179  948  2027     52
180  939  1898     68
181  945  1909     66
182  951  1993     56
183  948  1991     66
184  984  2096     54
185  999  1942     70
186  1002  1964     62
187  984  2380     54
188  1038  2075     84
189  1011  2136     80
190  1029  2192     60
191  1002  2160     54
192  1029  2200     50
193  1029  2089     66
194  984  2270     50
195  1071  2170     68
196  1044  2243     54
197  1095  2217     70
198  1161  2097     74
199  1092  2082     72
200  1104  2111     72
201  1032  2444     64
202  1038  2454     60
203  1107  2267     62
204  1125  2266     56
205  1068  2367     60
206  1071  2478     52
207  1113  2274     82
208  1119  2316     70
209  1143  2233     74
210  1143  2491     68
211  1173  2400     64
212  1128  2343     76
213  1173  2658     66
214  1176  2740     54
215  1212  2573     54
216  1209  2645     54
217  1176  2377     90
218  1185  2426     98
219  1122  2629     56
220  1164  2582     50
221  1170  2617     48
222  1182  2489     70
223  1212  2874     54
224  1230  2658     78
225  1233  3069     46
226  1236  2751     60
227  1251  2660     60
228  1263  2517     66
229  1266  2741     58
230  1266  2552     84
231  1284  2682     72
232  1305  2606     64
233  1296  2723     62
234  1248  2786     74
235  1254  2529     102
236  1311  2678     80
237  1314  2757     84
238  1323  2834     74
239  1338  2577     90
240  1356  2656     82
241  1263  2942     64
242  1266  2982     60
243  1365  2902     72
244  1329  3087     64
245  1371  3007     74
246  1389  3022     70
247  1434  2795     76
248  1446  2800     84
249  1443  2976     80
250  1461  2891     76
251  1365  3004     86
252  1395  2779     94
253  1458  2873     90
254  1455  2869     90
255  1479  2761     100
256  1431  2915     90
257  1476  2962     76
258  1473  2903     90
259  1461  3030     74
260  1539  3009     88
261  1443  3009     76
262  1437  3091     86
263  1458  3145     80
264  1470  3128     74
265  1440  3171     74
266  1407  3418     76
267  1509  3188     80
268  1551  3064     90
269  1572  3530     76
270  1521  3385     78
271  1530  3165     92
272  1554  3292     70
273  1572  3259     110
274  1593  3486     80
275  1629  3361     84
276  1587  3418     74
277  1653  3310     86
278  1623  3266     88
279  1584  3368     90
280  1605  3490     70
281  1614  3351     94
282  1584  3378     76
283  1650  3224     102
284  1656  3163     108
285  1647  3318     86
286  1596  3633     80
287  1659  3410     84
288  1671  3416     86
289  1731  3230     112
290  1707  3117     114
291  1686  3441     88
292  1725  3397     90
293  1665  3405     92
294  1683  3630     76
295  1716  3738     76
296  1803  3638     84
297  1665  3641     86
298  1689  3671     84
299  1773  3778     96
300  1803  3600     96
301  1701  3855     86
302  1728  3690     92
303  1815  3710     74
304  1734  3862     86
305  1716  3809     78
306  1776  3592     108
307  1797  3688     110
308  1845  3802     96
309  1785  3797     106
310  1782  4114     88
311  1797  3639     106
312  1827  3714     90
313  1818  3705     104
314  1833  3681     110
315  1827  3694     100
316  1827  3726     94
317  1881  3615     118
318  1845  3647     106
319  1836  4054     92
320  1869  4032     86
321  1893  3594     126
322  1938  3742     110
323  1923  3710     114
324  1890  3658     116
325  1875  3980     100
326  1902  3807     108
327  1896  3808     116
328  1905  3839     106
329  1929  4013     90
330  1956  3842     106
331  1965  3929     110
332  1941  3912     122
333  2031  3782     106
334  1917  4000     100
335  1968  4002     100
336  1956  4059     104
337  1887  4803     70
338  1962  4491     84
339  2067  3935     128
340  2109  3960     134
341  1956  4112     94
342  2013  3997     102
343  2019  4027     118
344  1983  4751     80
345  1986  4529     96
346  1974  4393     96
347  2004  4368     116
348  2097  4142     120
349  2052  4198     94
350  2088  4075     118
351  2082  4436     102
352  2112  4245     122
353  2088  4596     84
354  2040  4586     86
355  2058  4544     108
356  2091  4532     104
357  2070  4801     86
358  2082  5154     78
359  2163  4379     122
360  2211  4326     114
361  2223  4210     130
362  2205  4601     98
363  2169  4440     114
364  2169  4582     116
365  2244  4517     114
366  2256  4566     126
367  2172  4576     98
368  2160  4692     94
369  2163  4855     100
370  2223  4470     134
371  2295  4517     112
372  2223  4610     110
373  2235  4417     132
374  2211  4587     106
375  2235  4703     98
376  2229  4803     92
377  2355  4597     110
378  2313  4711     100
379  2244  4800     116
380  2232  5115     100
381  2316  5022     112
382  2289  4730     124
383  2310  4672     122
384  2385  4646     126
385  2439  4556     134
386  2352  4662     120
387  2328  4537     130
388  2394  5007     94
389  2373  4760     134
390  2322  4819     114
391  2376  4891     108
392  2364  4850     122
393  2283  5339     100
394  2319  5406     110
395  2322  5091     108
396  2382  4959     116
397  2424  4773     124
398  2418  4891     120
399  2388  5228     114
400  2391  5004     168
401  2406  4972     126
402  2478  4929     104
403  2373  5746     112
404  2421  5606     124
405  2457  5129     122
406  2469  5126     136
407  2583  4872     126
408  2487  5006     122
409  2415  5147     136
410  2556  5124     140
411  2442  5633     104
412  2550  5295     124
413  2481  5398     126
414  2499  5431     118
415  2547  4950     136
416  2508  5126     116
417  2562  5290     114
418  2400  5851     88
419  2538  5651     132
420  2598  5759     110
421  2502  5634     104
422  2532  5497     134
423  2520  5635     130
424  2538  5462     122
425  2553  5420     118
426  2568  5452     116
427  2646  5404     122
428  2622  5162     134
429  2592  5609     130
430  2610  5572     118
431  2679  5207     146
432  2646  5237     150
433  2607  5505     118
434  2628  5873     86
435  2685  5400     160
436  2697  5835     124
437  2655  5842     104
438  2613  5945     118
439  2646  6248     96
440  2691  5233     134
441  2637  5683     130
442  2568  6309     98
443  2775  5673     142
444  2673  5939     124
445  2670  6466     112
446  2760  5801     140
447  2706  5511     116
448  2757  5508     160
449  2733  5606     130
450  2691  5856     126
451  2742  6202     108
452  2733  6148     116
453  2820  5520     160
454  2730  5759     140
455  2745  6013     112
456  2796  5863     126
457  2817  6004     118
458  2874  5783     136
459  2859  5895     152
460  2826  5960     144
461  2823  6225     104
462  2790  6738     98
463  2856  5846     132
464  2910  5725     148
465  2748  6127     116
466  2895  5844     138
467  2895  6088     144
468  2913  5855     144
469  2778  6213     138
470  2805  7059     98
471  2973  5715     154
472  2991  5664     164
473  2874  6420     120
474  2916  6475     120
475  2919  6174     156
476  2865  6280     144
477  2901  6028     134
478  2934  6022     150
479  2931  6176     130
480  2919  6188     138
481  3024  6152     180
482  2928  6509     142
483  3000  5985     142
484  2934  5940     164
485  3051  6098     154
486  2988  6786     112
487  2955  6063     138
488  2940  6087     142
489  3027  5913     166
490  3087  5891     178
491  3033  6209     166
492  3036  6542     142
493  3084  6137     178
494  3093  6472     146
495  3096  6517     112
496  3105  6186     136
497  3060  6711     114
498  3039  6768     118
499  3138  6527     154
500  3138  6517     152
501  3108  6445     172
502  3114  6959     114
503  3096  6081     184
504  3081  6720     116
505  3108  6436     162
506  3171  6258     166
507  3093  7423     144
508  3171  7098     128
509  3249  6200     176
510  3222  6339     160
511  3096  7244     110
512  3237  6461     158
513  3210  6567     168
514  3144  6842     130
515  3204  6871     142
516  3186  6741     140
517  3162  7057     124
518  3219  6560     160
519  3261  6790     152
520  3171  6959     152
521  3243  6894     132
522  3372  6469     162
523  3327  6372     170
524  3357  6316     168
525  3318  6831     152
526  3309  6889     152
527  3297  7020     142
528  3402  6386     208
529  3267  8127     116
530  3234  7786     114
531  3336  6993     144
532  3378  6936     142
533  3342  7018     162
534  3378  6901     176
535  3387  6927     166
536  3408  7322     136
537  3369  6744     186
538  3444  6534     202
539  3582  6462     202
540  3570  6534     194
541  3351  7253     134
542  3474  6933     156
543  3561  6990     158
544  3393  6929     168
545  3510  6927     166
546  3492  6967     154
547  3489  6581     194
548  3516  6729     174
549  3444  7239     146
550  3456  6898     184
551  3522  6895     184
552  3468  7077     154
553  3585  6939     178
554  3612  7155     152
555  3483  7057     162
556  3513  7583     146
557  3486  7221     178
558  3561  7089     162
559  3519  7755     140
560  3504  7387     152
561  3543  7377     148
562  3549  7788     150
563  3531  7508     154
564  3537  7507     166
565  3540  7776     166
566  3543  7948     160
567  3543  8170     150
568  3567  7371     166
569  3594  7534     176
570  3612  7667     158
571  3573  7680     150
572  3738  7455     156
573  3663  7527     160
574  3744  7528     170
575  3681  7631     172
576  3636  7532     178
577  3675  7555     164
578  3711  7437     188
579  3651  7467     184
580  3741  7594     182
581  3672  8286     130
582  3675  7844     190
583  3723  7293     182
584  3717  7317     194
585  3804  7681     172
586  3696  7955     134
587  3759  8816     130
588  3672  8407     166
589  3699  8115     156
590  3711  7959     168
591  3795  8198     174
592  3780  7769     170
593  3792  7992     154
594  3825  8017     158
595  3828  8164     178
596  3768  7902     198
597  3765  8139     168
598  3810  8312     180
599  3879  8367     206
600  3768  9163     140
601  3888  7755     182
602  3894  7705     178
603  3855  8132     184
604  3942  7789     168
605  3954  7961     172
606  3906  7580     186
607  3831  8612     144
608  3927  8138     154
609  3813  8630     180
610  3828  8644     180
611  3951  7851     184
612  3936  7944     188
613  3930  8278     188
614  3855  8761     120
615  3975  8050     188
616  3918  8958     142
617  3888  8976     132
618  3930  8578     146
619  4020  8174     228
620  3963  8357     178
621  4026  8075     180
622  3945  7861     182
623  4029  8061     180
624  4020  8041     194
625  4071  8314     192
626  3978  8880     154
627  3972  9099     202
628  4017  9064     160
629  4011  8627     196
630  3990  8716     184
631  3969  8651     164
632  3966  8661     174
633  4047  8590     178
634  4056  8662     168
635  4140  8110     216
636  4185  8033     216
637  4083  8246     202
638  4128  8353     186
639  4128  8649     182
640  4089  8548     182
641  4128  8483     160
642  4164  8971     152
643  4182  8428     190
644  4188  8525     188
645  4185  8901     178
646  4137  8623     176
647  4221  8743     180
648  4266  8327     194
649  4140  8757     184
650  4185  8867     150
651  4272  9094     180
652  4170  8671     196
653  4200  9197     140
654  4290  8125     220
655  4266  9061     208
656  4200  8968     222
657  4314  8480     222
658  4287  8716     186
659  4302  8745     210
660  4320  8545     206
661  4356  8597     192
662  4368  8884     204
663  4296  9043     162
664  4362  8583     214
665  4485  8371     220
666  4491  8581     214
667  4320  8603     222
668  4380  8704     190
669  4434  8782     196
670  4446  8562     234
671  4464  8676     212
672  4467  9375     166
673  4422  8750     222
674  4431  8893     196
675  4365  9913     168
676  4377  9495     180
677  4422  9034     236
678  4386  9734     166
679  4470  9335     172
680  4308  9016     210
681  4572  8711     222
682  4593  8708     220
683  4494  9145     202
684  4449  9629     148
685  4455  9495     168
686  4572  9206     186
687  4572  9034     210
688  4587  9043     226
689  4611  9482     188
690  4602  9300     214
691  4563  9204     194
692  4545  8989     192
693  4647  9946     152
694  4449  10386     122
695  4572  9148     204
696  4614  9065     204
697  4515  9860     174
698  4446  9811     160
699  4599  9510     188
700  4461  9827     170
701  4632  9339     196
702  4683  9362     192
703  4695  9187     214
704  4698  9108     202
705  4737  8957     208
706  4710  9153     200
707  4707  9436     204
708  4803  9146     252
709  4602  9925     156
710  4647  10221     166
711  4707  9073     258
712  4773  9021     256
713  4800  9857     214
714  4791  9656     200
715  4749  9939     182
716  4857  9215     216
717  4869  9288     214
718  4887  9410     210
719  4794  9927     184
720  4896  9336     226
721  4590  10651     160
722  4605  10670     166
723  4752  10147     186
724  4782  9921     196
725  4752  11102     184
726  4830  10476     192
727  4929  10051     184
728  4983  9293     224
729  4881  9508     224
730  4917  9983     176
731  4917  9867     208
732  4830  9930     214
733  4749  11571     158
734  4902  11181     166
735  4797  10291     216
736  4905  10537     174
737  4905  10355     200
738  4908  10394     186
739  4863  10369     188
740  4845  10476     206
741  4920  10104     214
742  4959  10063     214
743  4866  11305     134
744  4872  11368     138
745  4908  9615     264
746  4857  10513     170
747  4914  10121     218
748  5019  10611     180
749  4932  10349     206
750  4980  10216     200
751  4941  10341     196
752  4986  10594     196
753  4989  10622     208
754  4935  10446     196
755  5058  10463     198
756  5037  11131     164
757  5160  10242     220
758  5163  10259     222
759  4989  10980     190
760  5055  10312     228
761  5166  10035     260
762  5073  10310     242
763  5166  10206     210
764  5169  9892     242
765  5220  10535     208
766  5151  11045     178
767  5115  11836     212
768  5145  10839     230
769  5085  10524     208
770  5256  10021     268
771  5310  9894     266
772  5256  9906     272
773  5181  10554     222
774  5112  11041     194
775  5142  10727     180
776  5247  10791     164
777  5151  11975     190
778  5211  10885     222
779  5106  11067     194
780  5193  11333     176
781  5148  11178     210
782  5271  11092     214
783  5199  10718     214
784  5382  10309     234
785  5151  10931     184
786  5343  10473     222
787  5283  10908     234
788  5274  10907     226
789  5241  12442     208
790  5043  12793     144
791  5358  10684     230
792  5346  10856     214
793  5367  10978     226
794  5427  10497     232
795  5385  10888     228
796  5292  11433     178
797  5427  10945     202
798  5361  10778     214
799  5373  10863     224
800  5409  10876     248
801  5442  11228     210
802  5268  11419     206
803  5349  11152     190
804  5340  11138     228
805  5520  10612     244
806  5496  10688     248
807  5451  11221     242
808  5391  11015     244
809  5547  10956     238
810  5556  11185     218
811  5496  10722     242
812  5568  10757     246
813  5349  11408     216
814  5514  11201     254
815  5583  10794     230
816  5487  11220     220
817  5517  12448     216
818  5451  12909     174
819  5562  11382     244
820  5679  11406     258
821  5448  11632     198
822  5457  13215     144
823  5577  11310     224
824  5595  11307     230
825  5541  11848     212
826  5586  11861     214
827  5649  11270     252
828  5574  11537     236
829  5604  12046     174
830  5625  11502     242
831  5613  11276     238
832  5637  11253     272
833  5445  12345     204
834  5451  12334     200
835  5709  11347     224
836  5628  12019     180
837  5646  11571     206
838  5673  11563     226
839  5655  11468     244
840  5706  11745     220
841  5694  11217     262
842  5766  11494     236
843  5607  12007     210
844  5526  13253     198
845  5670  11839     238
846  5730  11634     228
847  5694  12717     190
848  5778  11725     230
849  5781  13138     212
850  5706  14571     232
851  5778  12158     234
852  5823  12194     244
853  5835  12113     242
854  5835  11792     236
855  5790  12257     220
856  5844  11756     242
857  5706  12883     194
858  5883  12456     198
859  5709  13220     196
860  5889  12849     216
861  5757  12002     226
862  5796  12145     218
863  5841  12356     214
864  5925  12220     224
865  5718  12756     220
866  5898  12918     208
867  5850  13140     192
868  5838  12380     246
869  5892  13264     208
870  6090  13601     258
871  5898  12536     214
872  6021  12320     220
873  5874  12565     212
874  5958  12254     230
875  5967  12150     280
876  5781  13767     180
877  6183  11886     256
878  5922  12569     222
879  6030  12856     216
880  6015  12073     262
881  6159  11841     272
882  6090  11982     262
883  5940  12074     258
884  6051  12743     232
885  6030  12488     256
886  6015  12747     234
887  6063  12139     236
888  6102  12100     244
889  6084  12294     240
890  6144  12994     216
891  6213  12275     252
892  6267  12277     260
893  6105  12320     244
894  6117  12558     234
895  6078  12574     224
896  6216  11970     278
897  6123  13087     212
898  6177  12408     268
899  5955  12825     212
900  5934  12968     224
901  6198  12540     234
902  6225  12221     252
903  6168  12625     244
904  6216  12836     214
905  6090  13965     186
906  6138  12999     218
907  6282  12392     258
908  6252  12567     250
909  6165  13286     238
910  6165  13242     240
911  6291  13297     240
912  6303  13966     198
913  6285  13389     270
914  6306  14086     228
915  6537  11790     280
916  6471  12605     288
917  6300  12881     230
918  6333  12997     246
919  6204  14258     188
920  6333  13205     256
921  6399  12762     252
922  6483  12630     258
923  6444  13668     228
924  6498  12915     238
925  6234  14098     196
926  6264  13768     234
927  6537  12807     216
928  6543  13894     180
929  6489  13023     248
930  6555  13063     276
931  6336  14123     240
932  6339  14278     206
933  6333  13542     244
934  6300  13702     234
935  6561  12752     296
936  6546  12872     294
937  6285  13594     232
938  6471  12855     270
939  6597  12830     296
940  6555  13007     320
941  6399  13812     242
942  6420  13190     256
943  6327  13573     258
944  6507  13569     232
945  6486  13540     242
946  6474  13451     242
947  6438  13998     250
948  6561  13421     278
949  6549  12863     256
950  6660  13237     258
951  6588  13574     276
952  6570  13890     196
953  6714  13146     300
954  6732  13208     286
955  6564  14171     266
956  6762  13920     278
957  6489  14737     212
958  6504  13809     226
959  6642  13585     278
960  6447  14778     212
961  6723  13541     272
962  6609  12909     288
963  6774  13960     224
964  6786  13439     236
965  6753  14154     258
966  6843  14030     260
967  6774  13404     284
968  6786  13324     280
969  6921  13588     286
970  6798  14040     264
971  6591  15177     226
972  6690  14334     264
973  6822  13428     280
974  6828  13482     302
975  6912  13332     260
976  6939  13514     266
977  6807  13570     278
978  6912  13219     298
979  6870  13804     280
980  6780  13884     286
981  7002  13209     286
982  6990  13222     286
983  6690  14190     270
984  6723  14295     240
985  6861  14415     240
986  6909  13290     302
987  6906  13714     302
988  6939  13599     278
989  6786  15576     178
990  6861  14631     216
991  6735  14728     226
992  6930  14028     276
993  6816  14122     300
994  6954  14565     260
995  7083  13531     326
996  6852  14898     238
997  6999  14099     276
998  7032  14546     254
999  7029  14111     292
1000  6939  14286     312
