
100  468  951     12
101  492  980     12
102  465  977     12
103  462  926     16
104  441  1044     16
105  477  995     14
106  489  970     14
107  477  1093     18
108  489  1103     20
109  489  1127     14
110  531  1056     14
111  522  1110     12
112  540  1156     12
113  507  1073     12
114  531  1142     14
115  540  1126     18
116  537  1106     18
117  540  1226     16
118  531  1242     14
119  534  1294     12
120  576  1342     16
121  576  1144     12
122  597  1201     14
123  576  1229     12
124  606  1244     12
125  591  1254     16
126  606  1330     20
127  597  1317     16
128  591  1631     22
129  648  1298     12
130  636  1255     12
131  654  1481     14
132  639  1497     16
133  648  1407     12
134  660  1371     14
135  660  1368     16
136  666  1386     16
137  690  1443     14
138  711  1464     14
139  669  1480     16
140  693  1437     14
141  711  1394     14
142  690  1404     14
143  684  1545     16
144  699  1556     18
145  720  1535     16
146  705  1447     16
147  711  1571     14
148  735  1541     12
149  744  1495     16
150  798  1544     16
151  714  1593     18
152  777  1586     14
153  756  1583     16
154  753  1672     16
155  789  1637     14
156  825  1628     14
157  780  1627     16
158  798  1585     16
159  816  1715     20
160  831  1731     14
161  816  1631     16
162  858  1699     18
163  831  1913     16
164  819  1821     16
165  861  1737     16
166  837  1887     20
167  840  1841     18
168  870  1700     16
169  876  2194     16
170  909  2172     16
171  903  1795     12
172  900  1851     18
173  879  1805     18
174  894  1951     18
175  954  1752     14
176  936  1864     18
177  921  2093     18
178  939  2200     16
179  948  2027     18
180  939  1898     14
181  945  1909     16
182  951  1993     14
183  948  1991     22
184  984  2096     14
185  999  1942     16
186  1002  1964     20
187  984  2380     20
188  1038  2075     16
189  1011  2136     14
190  1029  2192     18
191  1002  2160     22
192  1029  2200     20
193  1029  2089     18
194  984  2270     16
195  1071  2170     14
196  1044  2243     18
197  1095  2217     16
198  1161  2097     16
199  1092  2082     14
200  1104  2111     16
201  1032  2444     16
202  1038  2454     20
203  1107  2267     20
204  1125  2266     22
205  1068  2367     16
206  1071  2478     16
207  1113  2274     22
208  1119  2316     20
209  1143  2233     16
210  1143  2491     18
211  1173  2400     18
212  1128  2343     16
213  1173  2658     16
214  1176  2740     14
215  1212  2573     18
216  1209  2645     20
217  1176  2377     18
218  1185  2426     16
219  1122  2629     20
220  1164  2582     20
221  1170  2617     22
222  1182  2489     16
223  1212  2874     14
224  1230  2658     16
225  1233  3069     30
226  1236  2751     20
227  1251  2660     22
228  1263  2517     18
229  1266  2741     20
230  1266  2552     22
231  1284  2682     20
232  1305  2606     20
233  1296  2723     20
234  1248  2786     18
235  1254  2529     14
236  1311  2678     18
237  1314  2757     14
238  1323  2834     20
239  1338  2577     18
240  1356  2656     18
241  1263  2942     22
242  1266  2982     22
243  1365  2902     16
244  1329  3087     20
245  1371  3007     20
246  1389  3022     20
247  1434  2795     16
248  1446  2800     18
249  1443  2976     22
250  1461  2891     22
251  1365  3004     16
252  1395  2779     16
253  1458  2873     14
254  1455  2869     14
255  1479  2761     16
256  1431  2915     18
257  1476  2962     18
258  1473  2903     18
259  1461  3030     20
260  1539  3009     18
261  1443  3009     20
262  1437  3091     16
263  1458  3145     22
264  1470  3128     22
265  1440  3171     20
266  1407  3418     18
267  1509  3188     18
268  1551  3064     22
269  1572  3530     16
270  1521  3385     22
271  1530  3165     26
272  1554  3292     24
273  1572  3259     18
274  1593  3486     20
275  1629  3361     22
276  1587  3418     18
277  1653  3310     20
278  1623  3266     18
279  1584  3368     14
280  1605  3490     16
281  1614  3351     18
282  1584  3378     20
283  1650  3224     22
284  1656  3163     18
285  1647  3318     16
286  1596  3633     18
287  1659  3410     22
288  1671  3416     18
289  1731  3230     14
290  1707  3117     14
291  1686  3441     28
292  1725  3397     20
293  1665  3405     20
294  1683  3630     20
295  1716  3738     18
296  1803  3638     22
297  1665  3641     20
298  1689  3671     20
299  1773  3778     20
300  1803  3600     22
301  1701  3855     24
302  1728  3690     22
303  1815  3710     20
304  1734  3862     24
305  1716  3809     22
306  1776  3592     20
307  1797  3688     20
308  1845  3802     20
309  1785  3797     18
310  1782  4114     20
311  1797  3639     14
312  1827  3714     20
313  1818  3705     18
314  1833  3681     20
315  1827  3694     18
316  1827  3726     20
317  1881  3615     20
318  1845  3647     18
319  1836  4054     26
320  1869  4032     22
321  1893  3594     18
322  1938  3742     20
323  1923  3710     18
324  1890  3658     16
325  1875  3980     18
326  1902  3807     18
327  1896  3808     20
328  1905  3839     18
329  1929  4013     24
330  1956  3842     18
331  1965  3929     22
332  1941  3912     20
333  2031  3782     16
334  1917  4000     16
335  1968  4002     18
336  1956  4059     20
337  1887  4803     28
338  1962  4491     20
339  2067  3935     16
340  2109  3960     16
341  1956  4112     26
342  2013  3997     22
343  2019  4027     20
344  1983  4751     24
345  1986  4529     22
346  1974  4393     20
347  2004  4368     20
348  2097  4142     18
349  2052  4198     20
350  2088  4075     16
351  2082  4436     18
352  2112  4245     20
353  2088  4596     18
354  2040  4586     18
355  2058  4544     22
356  2091  4532     22
357  2070  4801     26
358  2082  5154     24
359  2163  4379     20
360  2211  4326     24
361  2223  4210     20
362  2205  4601     20
363  2169  4440     18
364  2169  4582     24
365  2244  4517     18
366  2256  4566     18
367  2172  4576     26
368  2160  4692     26
369  2163  4855     28
370  2223  4470     16
371  2295  4517     20
372  2223  4610     22
373  2235  4417     22
374  2211  4587     18
375  2235  4703     22
376  2229  4803     18
377  2355  4597     22
378  2313  4711     24
379  2244  4800     20
380  2232  5115     24
381  2316  5022     24
382  2289  4730     22
383  2310  4672     18
384  2385  4646     22
385  2439  4556     18
386  2352  4662     18
387  2328  4537     24
388  2394  5007     22
389  2373  4760     22
390  2322  4819     22
391  2376  4891     18
392  2364  4850     20
393  2283  5339     20
394  2319  5406     20
395  2322  5091     22
396  2382  4959     16
397  2424  4773     16
398  2418  4891     18
399  2388  5228     16
400  2391  5004     16
401  2406  4972     20
402  2478  4929     26
403  2373  5746     26
404  2421  5606     18
405  2457  5129     18
406  2469  5126     20
407  2583  4872     18
408  2487  5006     20
409  2415  5147     22
410  2556  5124     22
411  2442  5633     24
412  2550  5295     18
413  2481  5398     18
414  2499  5431     20
415  2547  4950     18
416  2508  5126     24
417  2562  5290     24
418  2400  5851     22
419  2538  5651     24
420  2598  5759     24
421  2502  5634     18
422  2532  5497     22
423  2520  5635     22
424  2538  5462     22
425  2553  5420     22
426  2568  5452     22
427  2646  5404     16
428  2622  5162     22
429  2592  5609     18
430  2610  5572     24
431  2679  5207     20
432  2646  5237     22
433  2607  5505     24
434  2628  5873     20
435  2685  5400     18
436  2697  5835     18
437  2655  5842     20
438  2613  5945     22
439  2646  6248     26
440  2691  5233     18
441  2637  5683     18
442  2568  6309     24
443  2775  5673     22
444  2673  5939     20
445  2670  6466     24
446  2760  5801     22
447  2706  5511     22
448  2757  5508     20
449  2733  5606     22
450  2691  5856     18
451  2742  6202     24
452  2733  6148     18
453  2820  5520     18
454  2730  5759     22
455  2745  6013     22
456  2796  5863     22
457  2817  6004     24
458  2874  5783     22
459  2859  5895     20
460  2826  5960     22
461  2823  6225     24
462  2790  6738     28
463  2856  5846     18
464  2910  5725     18
465  2748  6127     32
466  2895  5844     24
467  2895  6088     20
468  2913  5855     18
469  2778  6213     26
470  2805  7059     26
471  2973  5715     20
472  2991  5664     20
473  2874  6420     24
474  2916  6475     22
475  2919  6174     20
476  2865  6280     18
477  2901  6028     20
478  2934  6022     20
479  2931  6176     18
480  2919  6188     18
481  3024  6152     22
482  2928  6509     20
483  3000  5985     20
484  2934  5940     18
485  3051  6098     22
486  2988  6786     28
487  2955  6063     20
488  2940  6087     24
489  3027  5913     20
490  3087  5891     20
491  3033  6209     20
492  3036  6542     20
493  3084  6137     22
494  3093  6472     18
495  3096  6517     16
496  3105  6186     22
497  3060  6711     24
498  3039  6768     24
499  3138  6527     18
500  3138  6517     18
501  3108  6445     20
502  3114  6959     18
503  3096  6081     16
504  3081  6720     22
505  3108  6436     20
506  3171  6258     20
507  3093  7423     20
508  3171  7098     20
509  3249  6200     28
510  3222  6339     22
511  3096  7244     24
512  3237  6461     24
513  3210  6567     20
514  3144  6842     18
515  3204  6871     20
516  3186  6741     22
517  3162  7057     26
518  3219  6560     20
519  3261  6790     20
520  3171  6959     20
521  3243  6894     22
522  3372  6469     18
523  3327  6372     18
524  3357  6316     18
525  3318  6831     22
526  3309  6889     22
527  3297  7020     18
528  3402  6386     16
529  3267  8127     30
530  3234  7786     24
531  3336  6993     22
532  3378  6936     20
533  3342  7018     20
534  3378  6901     16
535  3387  6927     20
536  3408  7322     22
537  3369  6744     24
538  3444  6534     18
539  3582  6462     20
540  3570  6534     20
541  3351  7253     20
542  3474  6933     20
543  3561  6990     22
544  3393  6929     18
545  3510  6927     20
546  3492  6967     22
547  3489  6581     20
548  3516  6729     20
549  3444  7239     18
550  3456  6898     22
551  3522  6895     20
552  3468  7077     20
553  3585  6939     20
554  3612  7155     22
555  3483  7057     24
556  3513  7583     20
557  3486  7221     24
558  3561  7089     22
559  3519  7755     22
560  3504  7387     22
561  3543  7377     20
562  3549  7788     22
563  3531  7508     22
564  3537  7507     22
565  3540  7776     24
566  3543  7948     28
567  3543  8170     24
568  3567  7371     28
569  3594  7534     24
570  3612  7667     24
571  3573  7680     24
572  3738  7455     20
573  3663  7527     20
574  3744  7528     20
575  3681  7631     22
576  3636  7532     24
577  3675  7555     20
578  3711  7437     18
579  3651  7467     18
580  3741  7594     18
581  3672  8286     22
582  3675  7844     22
583  3723  7293     20
584  3717  7317     20
585  3804  7681     22
586  3696  7955     20
587  3759  8816     20
588  3672  8407     26
589  3699  8115     24
590  3711  7959     24
591  3795  8198     28
592  3780  7769     20
593  3792  7992     22
594  3825  8017     26
595  3828  8164     18
596  3768  7902     18
597  3765  8139     26
598  3810  8312     20
599  3879  8367     24
600  3768  9163     24
601  3888  7755     22
602  3894  7705     22
603  3855  8132     24
604  3942  7789     20
605  3954  7961     22
606  3906  7580     18
607  3831  8612     26
608  3927  8138     22
609  3813  8630     22
610  3828  8644     22
611  3951  7851     24
612  3936  7944     26
613  3930  8278     20
614  3855  8761     22
615  3975  8050     24
616  3918  8958     20
617  3888  8976     30
618  3930  8578     26
619  4020  8174     20
620  3963  8357     22
621  4026  8075     20
622  3945  7861     20
623  4029  8061     20
624  4020  8041     16
625  4071  8314     24
626  3978  8880     26
627  3972  9099     18
628  4017  9064     26
629  4011  8627     26
630  3990  8716     20
631  3969  8651     20
632  3966  8661     20
633  4047  8590     22
634  4056  8662     22
635  4140  8110     24
636  4185  8033     20
637  4083  8246     20
638  4128  8353     20
639  4128  8649     20
640  4089  8548     22
641  4128  8483     20
642  4164  8971     24
643  4182  8428     24
644  4188  8525     24
645  4185  8901     22
646  4137  8623     24
647  4221  8743     18
648  4266  8327     22
649  4140  8757     20
650  4185  8867     22
651  4272  9094     24
652  4170  8671     20
653  4200  9197     28
654  4290  8125     24
655  4266  9061     22
656  4200  8968     20
657  4314  8480     20
658  4287  8716     20
659  4302  8745     22
660  4320  8545     22
661  4356  8597     22
662  4368  8884     22
663  4296  9043     26
664  4362  8583     20
665  4485  8371     18
666  4491  8581     20
667  4320  8603     22
668  4380  8704     24
669  4434  8782     20
670  4446  8562     20
671  4464  8676     20
672  4467  9375     28
673  4422  8750     22
674  4431  8893     24
675  4365  9913     22
676  4377  9495     26
677  4422  9034     28
678  4386  9734     22
679  4470  9335     22
680  4308  9016     24
681  4572  8711     16
682  4593  8708     20
683  4494  9145     16
684  4449  9629     20
685  4455  9495     24
686  4572  9206     26
687  4572  9034     22
688  4587  9043     24
689  4611  9482     26
690  4602  9300     18
691  4563  9204     24
692  4545  8989     20
693  4647  9946     28
694  4449  10386     26
695  4572  9148     20
696  4614  9065     22
697  4515  9860     24
698  4446  9811     26
699  4599  9510     18
700  4461  9827     20
701  4632  9339     24
702  4683  9362     24
703  4695  9187     22
704  4698  9108     28
705  4737  8957     20
706  4710  9153     24
707  4707  9436     28
708  4803  9146     18
709  4602  9925     26
710  4647  10221     24
711  4707  9073     24
712  4773  9021     18
713  4800  9857     24
714  4791  9656     24
715  4749  9939     20
716  4857  9215     22
717  4869  9288     24
718  4887  9410     22
719  4794  9927     26
720  4896  9336     24
721  4590  10651     24
722  4605  10670     24
723  4752  10147     26
724  4782  9921     20
725  4752  11102     24
726  4830  10476     28
727  4929  10051     24
728  4983  9293     26
729  4881  9508     24
730  4917  9983     22
731  4917  9867     24
732  4830  9930     24
733  4749  11571     28
734  4902  11181     26
735  4797  10291     24
736  4905  10537     26
737  4905  10355     24
738  4908  10394     24
739  4863  10369     22
740  4845  10476     22
741  4920  10104     24
742  4959  10063     22
743  4866  11305     26
744  4872  11368     26
745  4908  9615     20
746  4857  10513     26
747  4914  10121     24
748  5019  10611     24
749  4932  10349     22
750  4980  10216     22
751  4941  10341     20
752  4986  10594     26
753  4989  10622     26
754  4935  10446     22
755  5058  10463     24
756  5037  11131     26
757  5160  10242     26
758  5163  10259     26
759  4989  10980     28
760  5055  10312     18
761  5166  10035     20
762  5073  10310     22
763  5166  10206     24
764  5169  9892     22
765  5220  10535     22
766  5151  11045     24
767  5115  11836     30
768  5145  10839     22
769  5085  10524     22
770  5256  10021     22
771  5310  9894     20
772  5256  9906     20
773  5181  10554     20
774  5112  11041     20
775  5142  10727     26
776  5247  10791     28
777  5151  11975     24
778  5211  10885     18
779  5106  11067     30
780  5193  11333     28
781  5148  11178     20
782  5271  11092     24
783  5199  10718     22
784  5382  10309     24
785  5151  10931     30
786  5343  10473     22
787  5283  10908     20
788  5274  10907     20
789  5241  12442     24
790  5043  12793     24
791  5358  10684     24
792  5346  10856     26
793  5367  10978     20
794  5427  10497     22
795  5385  10888     28
796  5292  11433     26
797  5427  10945     22
798  5361  10778     18
799  5373  10863     24
800  5409  10876     20
801  5442  11228     22
802  5268  11419     26
803  5349  11152     26
804  5340  11138     26
805  5520  10612     20
806  5496  10688     20
807  5451  11221     24
808  5391  11015     22
809  5547  10956     26
810  5556  11185     20
811  5496  10722     22
812  5568  10757     22
813  5349  11408     26
814  5514  11201     20
815  5583  10794     24
816  5487  11220     26
817  5517  12448     26
818  5451  12909     26
819  5562  11382     20
820  5679  11406     18
821  5448  11632     26
822  5457  13215     24
823  5577  11310     20
824  5595  11307     22
825  5541  11848     24
826  5586  11861     24
827  5649  11270     24
828  5574  11537     22
829  5604  12046     24
830  5625  11502     22
831  5613  11276     22
832  5637  11253     22
833  5445  12345     30
834  5451  12334     30
835  5709  11347     24
836  5628  12019     22
837  5646  11571     24
838  5673  11563     24
839  5655  11468     26
840  5706  11745     26
841  5694  11217     22
842  5766  11494     24
843  5607  12007     26
844  5526  13253     22
845  5670  11839     20
846  5730  11634     24
847  5694  12717     24
848  5778  11725     22
849  5781  13138     26
850  5706  14571     30
851  5778  12158     20
852  5823  12194     24
853  5835  12113     24
854  5835  11792     22
855  5790  12257     22
856  5844  11756     26
857  5706  12883     24
858  5883  12456     22
859  5709  13220     30
860  5889  12849     24
861  5757  12002     22
862  5796  12145     28
863  5841  12356     26
864  5925  12220     26
865  5718  12756     30
866  5898  12918     24
867  5850  13140     24
868  5838  12380     24
869  5892  13264     24
870  6090  13601     24
871  5898  12536     24
872  6021  12320     24
873  5874  12565     24
874  5958  12254     22
875  5967  12150     22
876  5781  13767     28
877  6183  11886     22
878  5922  12569     22
879  6030  12856     28
880  6015  12073     22
881  6159  11841     22
882  6090  11982     24
883  5940  12074     20
884  6051  12743     22
885  6030  12488     22
886  6015  12747     26
887  6063  12139     24
888  6102  12100     20
889  6084  12294     22
890  6144  12994     22
891  6213  12275     20
892  6267  12277     20
893  6105  12320     30
894  6117  12558     26
895  6078  12574     22
896  6216  11970     22
897  6123  13087     28
898  6177  12408     18
899  5955  12825     26
900  5934  12968     26
901  6198  12540     24
902  6225  12221     26
903  6168  12625     22
904  6216  12836     22
905  6090  13965     28
906  6138  12999     24
907  6282  12392     30
908  6252  12567     28
909  6165  13286     26
910  6165  13242     26
911  6291  13297     22
912  6303  13966     22
913  6285  13389     22
914  6306  14086     26
915  6537  11790     22
916  6471  12605     26
917  6300  12881     24
918  6333  12997     32
919  6204  14258     24
920  6333  13205     22
921  6399  12762     22
922  6483  12630     20
923  6444  13668     22
924  6498  12915     24
925  6234  14098     28
926  6264  13768     28
927  6537  12807     28
928  6543  13894     28
929  6489  13023     26
930  6555  13063     24
931  6336  14123     28
932  6339  14278     24
933  6333  13542     24
934  6300  13702     24
935  6561  12752     22
936  6546  12872     22
937  6285  13594     24
938  6471  12855     22
939  6597  12830     24
940  6555  13007     22
941  6399  13812     22
942  6420  13190     34
943  6327  13573     18
944  6507  13569     22
945  6486  13540     28
946  6474  13451     26
947  6438  13998     30
948  6561  13421     24
949  6549  12863     22
950  6660  13237     22
951  6588  13574     22
952  6570  13890     24
953  6714  13146     26
954  6732  13208     26
955  6564  14171     28
956  6762  13920     26
957  6489  14737     26
958  6504  13809     24
959  6642  13585     24
960  6447  14778     30
961  6723  13541     22
962  6609  12909     22
963  6774  13960     36
964  6786  13439     26
965  6753  14154     22
966  6843  14030     24
967  6774  13404     22
968  6786  13324     22
969  6921  13588     26
970  6798  14040     24
971  6591  15177     32
972  6690  14334     26
973  6822  13428     26
974  6828  13482     26
975  6912  13332     20
976  6939  13514     22
977  6807  13570     24
978  6912  13219     20
979  6870  13804     24
980  6780  13884     22
981  7002  13209     22
982  6990  13222     22
983  6690  14190     32
984  6723  14295     26
985  6861  14415     28
986  6909  13290     20
987  6906  13714     22
988  6939  13599     22
989  6786  15576     28
990  6861  14631     24
991  6735  14728     26
992  6930  14028     28
993  6816  14122     20
994  6954  14565     24
995  7083  13531     26
996  6852  14898     24
997  6999  14099     26
998  7032  14546     22
999  7029  14111     24
1000  6939  14286     24
