
1000  6972  14744     28
1000  6846  15756     26
1000  6894  14542     22
1000  6852  15013     28
1000  7050  14267     22
1000  7041  13674     24
1000  6918  14875     30
1000  6948  14599     28
1000  7101  14021     24
1000  7020  13646     26
1000  6786  14889     20
1000  6855  14415     22
1000  6981  13850     26
1000  6828  15670     26
1000  7008  13668     22
1000  6978  15539     24
1000  6837  15406     30
1000  6996  14260     20
1000  7014  13716     20
1000  7041  13864     26
1000  7056  13912     26
1000  6960  14588     24
1000  6918  14841     24
1000  6843  15247     24
1000  7074  14260     22
1000  6792  15685     28
1000  6879  14886     28
1000  6780  16440     28
1000  6996  14708     24
1000  6915  13792     20
1000  6933  15284     24
1000  6726  15173     28
1000  6927  15670     30
1000  6906  15537     28
1000  6915  14818     24
1000  7017  14033     24
1000  7008  14758     26
1000  7059  13761     22
1000  7071  14311     24
1000  6846  15189     28
1000  6918  14288     24
1000  6993  14283     22
1000  7002  14049     24
1000  7191  13402     22
1000  6963  14196     22
1000  7170  13514     22
1000  6939  14895     22
1000  6942  14721     20
1000  6864  14566     24
1000  6720  15419     24
1000  6900  13980     26
1000  6981  13822     28
1000  7026  14266     24
1000  7113  13732     26
1000  6909  14668     28
1000  7020  14314     22
1000  6876  14611     26
1000  7002  14356     24
1000  7017  14068     28
1000  6747  15587     28
1000  6972  13915     26
1000  6993  13960     28
1000  6906  14744     26
1000  7023  14016     28
1000  6837  14739     28
1000  7068  13575     26
1000  6813  15366     22
1000  7152  13514     24
1000  7023  13903     22
1000  6795  15209     26
1000  7023  14081     24
1000  7089  13409     20
1000  7068  13406     20
1000  6972  14972     24
1000  7044  13718     22
1000  7077  13733     22
1000  6912  14546     26
1000  7008  13510     24
1000  6822  15110     24
1000  6789  15139     22
1000  6870  14154     24
1000  6966  13933     26
1000  6945  14313     24
1000  6945  13678     22
1000  6870  15063     24
1000  6771  14542     24
1000  6969  13712     28
1000  6900  14101     20
1000  7032  13912     26
1000  7026  14025     24
1000  7035  14457     26
1000  7038  14211     20
1000  6957  14983     26
1000  6975  15148     22
1000  7134  13863     22
1000  6984  13960     24
1000  7113  13956     24
1000  7032  13972     24
1000  6978  14282     28
1000  6831  15049     30
1000  7032  14431     28
1000  6876  14470     26
1000  6936  14854     24
1000  7029  13660     24
1000  6798  15071     26
1000  7011  14823     22
1000  6942  14547     24
1000  7005  14153     26
1000  6918  14305     24
1000  7140  13777     26
1000  6876  14078     24
1000  6903  15493     22
1000  7035  13930     22
1000  7185  13666     26
1000  6927  14026     24
1000  7071  14092     28
1000  6951  14330     30
1000  6999  14522     26
1000  7020  14194     26
1000  6939  14835     24
1000  6888  14922     24
1000  6759  14854     24
1000  6903  13481     22
1000  7044  14795     26
1000  7014  13511     24
1000  6828  15335     22
1000  7008  13965     22
1000  7059  13887     30
1000  6666  15556     32
1000  7017  14066     28
1000  7059  14184     26
1000  6966  14102     24
1000  6936  14086     24
1000  6840  14673     26
1000  7014  13989     22
1000  7032  13655     22
1000  6975  13701     22
1000  7083  13486     24
1000  6864  14183     24
1000  6957  15012     24
1000  6984  14283     22
1000  7020  14443     26
1000  6936  14754     24
1000  6855  15141     30
1000  6852  14571     26
1000  7125  14097     22
1000  7065  14153     22
1000  7095  14051     26
1000  6897  14775     22
1000  6939  14465     24
1000  6972  13924     22
1000  6978  14097     22
1000  6912  14754     26
1000  7014  14898     28
1000  6954  14441     26
1000  6768  15654     28
1000  6933  14185     24
1000  6909  14417     26
1000  7020  13997     22
1000  7080  13533     26
1000  7005  14857     24
1000  6981  14343     22
1000  7131  14576     28
1000  6864  15853     24
1000  7020  14010     22
1000  6951  13853     22
1000  6762  15516     28
1000  6843  15605     32
1000  6864  14195     24
1000  7008  14235     22
1000  7089  14417     24
1000  6867  14422     26
1000  7044  14588     24
1000  7128  13932     22
1000  6894  14474     24
1000  6891  14115     26
1000  6927  14617     26
1000  7080  13535     28
1000  7071  14612     24
1000  6927  14533     22
1000  6804  14855     26
1000  6981  13649     28
1000  6945  13777     28
1000  6936  13967     24
1000  6954  14583     22
1000  6936  14261     26
1000  6978  14200     24
1000  6999  14063     22
1000  7134  14227     26
1000  7098  14655     22
1000  6978  14437     26
1000  6681  16501     26
1000  7098  14055     20
1000  6792  15149     20
1000  6777  14548     24
1000  7134  13882     26
1000  6978  14071     28
1000  6918  14336     22
1000  6726  15206     26
1000  6930  13694     22
1000  6849  14481     22
1000  7002  14959     24
1000  6903  15210     26
1000  6963  15430     28
1000  6828  15488     26
1000  6921  15511     30
1000  6801  15199     24
1000  6831  15501     26
1000  7071  13793     26
1000  7080  14163     22
1000  7023  13638     26
1000  6738  14476     22
1000  6993  13989     24
1000  6837  13981     22
1000  6909  15143     26
1000  7011  14255     20
1000  6903  13726     24
1000  6978  13857     24
1000  6903  14444     30
1000  7029  13918     22
1000  6834  15885     24
1000  7161  13619     20
1000  7155  13613     20
1000  7020  13762     22
1000  6840  14714     24
1000  7107  13539     24
1000  7071  14235     26
1000  6900  16536     30
1000  7137  13656     24
1000  7017  14795     26
1000  6930  14595     26
1000  6888  14804     32
1000  6900  15347     26
1000  6894  14739     22
1000  7113  14226     22
1000  7035  14225     26
1000  6903  15099     26
1000  6894  14306     26
1000  6960  15684     26
1000  7221  13726     24
1000  6858  14872     28
1000  7068  13774     22
1000  6864  15851     28
1000  6924  15723     24
1000  7002  13868     26
1000  6960  14537     26
1000  6924  14357     24
1000  7143  13804     18
1000  7164  14661     22
1000  6924  14943     24
1000  7068  13946     24
1000  6942  14183     26
1000  6957  15376     24
1000  7026  15004     30
1000  7062  13887     24
1000  6948  14635     26
1000  6852  15001     30
1000  7098  14065     24
1000  7005  13645     24
1000  6897  14483     24
1000  6933  14254     24
1000  6810  14635     22
1000  7050  13719     22
1000  6954  14035     22
1000  6987  13865     20
1000  6933  13993     26
1000  6879  14254     22
1000  7017  14618     26
1000  6993  14027     22
1000  7140  13350     22
1000  7062  13955     20
1000  6975  14128     24
1000  6999  13940     24
1000  6966  13538     24
1000  6885  15640     28
1000  7047  14277     26
1000  7002  14667     22
1000  6834  15003     26
1000  7017  14485     20
1000  6963  13666     20
1000  6852  14262     26
1000  7137  13756     22
1000  6774  15053     26
1000  6987  14662     22
1000  6936  14188     24
1000  6954  13487     24
1000  6894  14366     24
1000  6858  14498     24
1000  6939  14545     24
1000  6948  14291     24
1000  7113  13745     22
1000  7092  13577     26
1000  6939  14214     28
1000  6987  14447     22
1000  7086  13794     20
1000  6888  14712     26
1000  7176  13783     24
1000  6960  13943     24
1000  7041  13616     22
1000  6927  14587     26
1000  6873  14840     22
1000  6831  16229     30
1000  6849  14816     26
1000  7002  14134     26
1000  6996  15063     20
1000  6975  13866     26
1000  7032  13671     24
1000  6843  14763     24
1000  7014  14233     22
1000  7125  13857     24
1000  6840  15219     26
1000  6951  14757     32
1000  6900  14644     26
1000  6957  13837     24
1000  6861  14923     26
1000  7101  13967     24
1000  7128  13646     24
1000  7206  14042     24
1000  6942  14563     26
1000  6939  14624     22
1000  6966  15192     32
1000  7056  14360     24
1000  6936  15597     30
1000  7035  14132     26
1000  6870  15618     28
1000  6810  15179     32
1000  6957  14598     32
1000  7008  13713     20
1000  6855  14019     22
1000  6942  14472     24
1000  6891  14345     26
1000  7050  14033     24
1000  6942  14708     22
1000  6987  14343     26
1000  7092  13869     24
1000  7083  14380     20
1000  6984  14839     32
1000  7002  15649     34
1000  6957  14409     22
1000  7029  14030     20
1000  6942  14436     22
1000  6993  13978     22
1000  7077  13250     22
1000  7053  14913     26
1000  6915  14189     24
1000  6951  14491     24
1000  6999  14504     20
1000  7029  14814     26
1000  7158  13857     28
1000  6930  14876     32
1000  7002  13379     24
1000  6900  14274     22
1000  6891  14186     24
1000  7107  13613     22
1000  7002  13908     22
1000  6864  16156     32
1000  6939  14099     22
1000  7026  13538     22
1000  6840  13965     20
1000  6810  14855     26
1000  6918  14748     30
1000  6915  14771     28
1000  7029  14801     24
1000  6900  14599     26
1000  7008  13594     20
1000  6819  15544     26
1000  6990  14715     24
1000  6870  14297     24
1000  6936  14351     26
1000  6915  15334     26
1000  7203  13554     20
1000  7050  14097     32
1000  6801  16339     34
1000  6771  15917     24
1000  7038  14131     24
1000  6972  14144     28
1000  6906  14358     22
1000  7047  14440     24
1000  6915  13651     24
1000  6987  13796     22
1000  7029  14314     26
1000  6822  15216     28
1000  6975  14203     24
1000  6930  14780     30
1000  6999  13732     22
1000  6975  13892     26
1000  7029  13901     24
1000  6864  15367     30
1000  6999  14158     24
1000  6963  14931     28
1000  6984  14015     34
1000  6957  14058     26
1000  6867  14594     24
1000  7065  13096     20
1000  6939  13924     22
1000  6744  15551     32
1000  6891  14332     26
1000  6930  14530     20
1000  6969  13927     22
1000  7050  13934     24
1000  6876  14772     24
1000  6987  14436     22
1000  6792  15680     24
1000  7071  12919     22
1000  6969  13842     22
1000  7062  14726     22
1000  6954  14399     32
1000  6900  14435     28
1000  7041  14372     26
1000  7206  14171     22
1000  7038  14759     24
1000  7122  13786     22
1000  7140  14379     26
1000  7131  13985     22
1000  7077  14001     24
1000  6819  14112     22
1000  7044  13663     22
1000  6921  13945     24
1000  7017  14151     26
1000  7086  14153     24
1000  6870  14555     26
1000  6996  13989     28
1000  6990  13857     22
1000  6987  13846     24
1000  6948  15023     22
1000  6882  14458     22
1000  6813  15551     24
1000  7077  13714     24
1000  6777  15617     28
1000  6891  13517     22
1000  6861  15273     26
1000  7101  13998     24
1000  7140  13871     22
1000  6843  15385     30
1000  7038  14041     22
1000  6945  15511     22
1000  7116  13346     26
1000  7032  14330     26
1000  7047  14368     22
1000  6993  15162     24
1000  6840  14477     26
1000  7020  13842     20
1000  6765  14892     28
1000  6927  14627     28
1000  6996  13777     24
1000  6969  13972     20
1000  7098  13770     22
1000  6879  15243     26
1000  7029  14515     28
1000  6942  14261     22
1000  6846  15099     22
1000  7116  13669     22
1000  7014  15100     20
1000  7068  13938     20
1000  6951  15055     26
1000  6858  14958     24
1000  6834  14969     24
1000  7011  13498     22
1000  6786  15608     26
1000  6930  14458     26
1000  7026  14866     26
1000  7011  13960     26
1000  6948  14021     22
1000  6945  14347     26
1000  6855  14734     28
1000  7080  14610     26
1000  6888  14144     22
1000  7062  14649     22
1000  6933  14412     26
1000  7002  14532     24
1000  7014  13958     20
1000  6954  14761     30
1000  6906  15014     28
1000  6963  14038     22
1000  6915  13856     22
1000  7059  14320     22
1000  7029  13989     20
1000  6963  13819     22
1000  7062  14165     22
1000  6780  15582     26
1000  6981  15372     24
1000  6819  14649     30
1000  6933  14995     24
1000  7023  13741     22
1000  6876  14203     20
1000  7059  14148     22
1000  6756  14395     22
1000  6840  14863     20
1000  6855  14994     28
1000  6987  13869     22
1000  6813  16155     28
1000  6891  15192     26
1000  6837  15161     26
1000  6957  13164     24
1000  6933  13818     22
1000  7002  14672     24
1000  6990  14501     22
1000  6984  15004     24
1000  6984  14700     30
1000  7173  13632     22
1000  6831  14759     26
1000  7053  14027     26
1000  6801  16126     34
1000  7011  14494     26
1000  6867  14704     24
1000  6999  14253     24
1000  7122  13841     26
1000  7185  13479     20
1000  7092  13864     22
1000  6978  13993     24
1000  6981  13899     24
1000  6876  14352     24
1000  6996  13947     26
1000  6882  16086     24
1000  6963  13826     28
1000  6882  14650     24
1000  6972  15001     28
1000  7044  14298     26
1000  7029  14849     24
1000  6900  14397     24
1000  6942  14289     24
1000  6981  14514     22
1000  6876  14571     20
1000  6813  15469     26
1000  6900  14414     22
1000  7056  13627     26
1000  7035  13557     24
1000  7110  13869     24
1000  6840  15721     24
1000  6876  14691     24
1000  6921  13693     24
1000  6933  14299     22
1000  6990  14380     24
1000  6921  14957     22
1000  7071  13874     24
1000  7095  13811     24
1000  7002  13599     24
1000  7026  14366     24
1000  6930  14639     28
1000  7050  13887     24
1000  6681  16254     22
1000  7065  14181     20
1000  6840  15446     30
1000  6804  15763     26
1000  7005  13932     26
1000  7041  14376     30
1000  6978  14848     26
1000  7077  14023     24
1000  6978  14618     24
1000  7059  13705     26
1000  7119  13375     22
1000  7050  14059     26
1000  6978  14222     22
1000  7017  14104     22
1000  6900  14990     28
1000  6831  15717     22
1000  6966  13566     28
1000  6852  14763     30
1000  6903  14059     22
1000  6852  13558     20
1000  6972  14216     24
1000  7041  14116     28
1000  7098  14327     24
1000  7047  14117     26
1000  6993  14164     26
1000  7020  14666     26
1000  6927  14126     24
1000  6978  15281     24
1000  6927  16495     26
1000  6999  14348     22
1000  6930  14360     24
1000  7101  13404     22
1000  6960  13545     22
1000  7098  13654     22
1000  6975  15054     24
1000  6996  14550     22
1000  6942  15518     26
1000  6798  15907     30
1000  6990  14209     22
1000  6978  14209     20
1000  6867  15368     32
1000  6972  14147     24
1000  6921  13470     22
1000  6933  14461     30
1000  6981  14931     24
1000  7005  15076     24
1000  6969  14231     24
1000  6957  15055     30
1000  6828  15709     30
1000  6831  15012     24
1000  6795  14778     24
1000  6906  14927     28
1000  6957  14465     28
1000  6942  14341     26
1000  6843  14313     24
1000  7020  13669     26
1000  6978  13942     22
1000  6933  14122     20
1000  6915  14038     20
1000  6966  13459     24
1000  6990  14240     20
1000  6990  14787     24
1000  6972  14970     22
1000  7008  13882     22
1000  7008  14058     26
1000  6843  14804     26
1000  6972  13995     28
1000  6966  14252     24
1000  6993  14157     24
1000  6855  14399     22
1000  7041  14509     26
1000  6945  14488     22
1000  7065  14354     22
1000  6846  14448     22
1000  6900  13808     26
1000  6861  17099     28
1000  6990  14641     22
1000  6822  14417     22
1000  6870  14099     24
1000  6993  14253     24
1000  6957  14787     24
1000  6897  14089     24
1000  6981  14239     22
1000  7083  14161     28
1000  6945  14484     26
1000  6978  14446     22
1000  6939  14728     26
1000  6840  14877     24
1000  7041  13926     28
1000  6981  14299     22
1000  7035  14529     30
1000  6954  14636     26
1000  7107  14376     22
1000  6900  15102     26
1000  7068  14349     22
1000  6966  14871     24
1000  6975  14092     24
1000  6960  13743     24
1000  6867  14793     22
1000  6828  14991     26
1000  7248  13665     22
1000  6921  14058     26
1000  7140  14108     20
1000  6864  14736     22
1000  7005  14384     22
1000  7026  14359     22
1000  6996  14278     22
1000  6894  15091     26
1000  6885  15886     24
1000  6921  14116     20
1000  6903  14494     32
1000  7077  13807     26
1000  6954  13708     22
1000  6927  14550     26
1000  7014  14316     22
1000  7059  14180     26
1000  6966  13788     22
1000  6819  14623     26
1000  6885  15342     22
1000  6720  15451     22
1000  6828  15918     26
1000  6936  14390     22
1000  7032  14330     24
1000  6945  14703     24
1000  7134  14275     34
1000  6873  15372     28
1000  6765  16014     26
1000  7077  14044     22
1000  6951  14008     22
1000  7167  14178     22
1000  7023  14769     22
1000  6720  14758     24
1000  7008  14354     20
1000  7140  14070     24
1000  6792  15865     28
1000  7110  13728     28
1000  7011  14650     26
1000  6972  15334     26
1000  6915  14796     22
1000  7071  13920     22
1000  6876  14245     24
1000  6960  14425     22
1000  6945  14002     22
1000  7020  13926     28
1000  6942  14052     22
1000  6990  14144     22
1000  6864  15260     28
1000  7014  13763     28
1000  6975  14054     22
1000  6930  14665     24
1000  7098  13684     22
1000  6990  15051     24
1000  7101  13649     24
1000  6993  14046     24
1000  7068  14464     22
1000  6921  13929     22
1000  6966  14616     20
1000  6903  14634     24
1000  6801  15294     28
1000  6939  14261     26
1000  6993  13403     26
1000  6945  14935     28
1000  6921  13828     24
1000  6972  13965     22
1000  6993  16022     24
1000  6969  14615     28
1000  7167  13725     18
1000  6969  15214     36
1000  7101  13353     24
1000  6846  14963     22
1000  6939  14106     26
1000  6840  15749     26
1000  7041  14650     26
1000  6984  13706     22
1000  6828  15441     32
1000  7083  13181     22
1000  7161  13823     22
1000  6963  14170     26
1000  7062  14068     26
1000  7101  13436     20
1000  7029  13496     22
1000  7020  14105     22
1000  7083  14413     28
1000  7047  13636     22
1000  7062  13702     24
1000  6849  14484     24
1000  6927  14399     28
1000  6954  14447     30
1000  6972  14308     26
1000  6957  13829     26
1000  7092  13625     24
1000  7116  13898     20
1000  6960  13829     22
1000  6648  15398     28
1000  7020  13950     24
1000  6987  15076     24
1000  6906  14224     24
1000  7086  14106     24
1000  6942  13698     24
1000  7032  13717     20
1000  7032  13857     26
1000  6885  14653     22
1000  7071  13872     24
1000  7092  14242     28
1000  6933  14620     24
1000  6942  14736     24
1000  6936  14447     26
1000  6819  15221     26
1000  6876  14675     24
1000  6951  13845     24
1000  6933  14956     22
1000  6993  14051     34
1000  6948  14885     22
1000  6915  14728     20
1000  7101  13649     24
1000  7053  13866     26
1000  6804  15000     28
1000  6960  16148     30
1000  7098  13978     24
1000  6948  14139     24
1000  6888  14431     22
1000  7107  13578     22
1000  7059  14464     24
1000  6945  15357     34
1000  6918  14836     22
1000  7071  13824     22
1000  6981  14269     22
1000  6996  14146     18
1000  7020  13830     24
1000  6978  13749     24
1000  7029  13706     24
1000  6990  13565     22
1000  6810  15287     24
1000  6969  13868     24
1000  6900  14326     24
1000  6897  15404     26
1000  6861  15445     24
1000  6849  15728     24
1000  6747  15531     32
1000  6870  14876     24
1000  7008  13752     22
1000  6954  14839     28
1000  6978  14912     24
1000  6981  14158     28
1000  7029  14473     26
1000  6915  14842     24
1000  6948  14332     24
1000  6828  14212     28
1000  6948  13967     22
1000  6978  14300     24
1000  6939  14380     26
1000  6942  14424     30
1000  7017  13801     28
1000  6993  13891     22
1000  6951  13402     22
1000  6960  14765     30
1000  7008  14285     24
1000  7110  13827     22
1000  7104  13573     22
1000  6900  15141     24
1000  7035  14464     24
1000  7050  14560     26
1000  6807  14362     30
1000  6858  15410     26
1000  6972  14801     22
1000  6927  13764     24
1000  6987  14670     20
1000  7041  14055     24
1000  7041  14475     22
1000  7113  13358     22
1000  6882  14521     24
1000  6981  14351     26
1000  6951  13951     22
1000  6717  15210     28
1000  6855  15713     22
1000  6951  14131     30
1000  7224  14097     24
1000  6936  13869     24
1000  6939  14577     26
1000  6888  14826     26
1000  7095  14345     22
1000  7044  13545     20
1000  6954  14393     22
1000  6894  14660     18
1000  7020  14217     22
1000  6990  14478     22
1000  6957  14821     26
1000  6912  14439     24
1000  6951  15840     28
1000  7029  14388     22
1000  6936  15796     22
1000  7017  13903     26
1000  6900  14381     24
1000  6900  14678     20
1000  6756  15028     24
1000  7080  13641     20
1000  6963  14163     30
1000  6900  14886     24
1000  7218  13804     20
1000  6936  14808     30
1000  7008  14838     28
1000  7047  13303     20
1000  6870  14210     22
1000  6846  14610     24
1000  6999  14108     24
1000  6975  14055     22
1000  7020  14501     24
1000  6909  15112     30
1000  6924  16055     28
1000  6867  14385     24
1000  7038  13425     22
1000  6825  14737     22
1000  7032  14373     28
1000  7080  13296     18
1000  6954  15709     28
1000  7158  13811     24
1000  6813  15166     26
1000  6963  14737     20
1000  6966  14343     26
1000  7041  14081     22
1000  6978  14449     26
1000  6963  14187     20
1000  6894  14462     24
1000  6930  14113     22
1000  6843  14911     32
1000  7011  14825     22
1000  6981  13828     22
1000  6984  14171     22
1000  6906  14213     22
1000  7023  13480     24
1000  7065  13948     30
1000  6903  14863     20
1000  6909  13894     22
1000  6960  14004     24
1000  6852  14711     26
1000  6849  14095     26
1000  7026  14170     22
1000  7008  13468     22
1000  6897  14939     26
1000  6840  14612     22
1000  6897  13614     22
1000  6897  14775     26
1000  7146  13742     22
1000  6933  14600     24
1000  6975  13998     24
1000  7029  14289     26
1000  6939  16182     24
1000  6906  15290     22
1000  7017  14082     22
1000  6939  13885     22
1000  7038  14748     28
1000  7092  14040     18
1000  6966  13821     28
1000  6972  14453     24
1000  7077  14583     28
1000  7014  14763     24
1000  6951  15448     28
1000  6915  15028     28
1000  6984  14201     24
1000  6840  14281     28
1000  7101  13508     26
