
1000  6972  14744     270
1000  6846  15756     222
1000  6894  14542     250
1000  6852  15013     266
1000  7050  14267     276
1000  7041  13674     308
1000  6918  14875     238
1000  6948  14599     250
1000  7101  14021     258
1000  7020  13646     292
1000  6786  14889     228
1000  6855  14415     276
1000  6981  13850     286
1000  6828  15670     214
1000  7008  13668     292
1000  6978  15539     196
1000  6837  15406     214
1000  6996  14260     264
1000  7014  13716     288
1000  7041  13864     282
1000  7056  13912     246
1000  6960  14588     264
1000  6918  14841     254
1000  6843  15247     224
1000  7074  14260     296
1000  6792  15685     220
1000  6879  14886     224
1000  6780  16440     210
1000  6996  14708     262
1000  6915  13792     314
1000  6933  15284     220
1000  6726  15173     250
1000  6927  15670     228
1000  6906  15537     244
1000  6915  14818     240
1000  7017  14033     266
1000  7008  14758     254
1000  7059  13761     268
1000  7071  14311     296
1000  6846  15189     254
1000  6918  14288     270
1000  6993  14283     274
1000  7002  14049     264
1000  7191  13402     304
1000  6963  14196     294
1000  7170  13514     294
1000  6939  14895     240
1000  6942  14721     250
1000  6864  14566     266
1000  6720  15419     204
1000  6900  13980     272
1000  6981  13822     268
1000  7026  14266     252
1000  7113  13732     296
1000  6909  14668     242
1000  7020  14314     280
1000  6876  14611     252
1000  7002  14356     272
1000  7017  14068     266
1000  6747  15587     224
1000  6972  13915     294
1000  6993  13960     278
1000  6906  14744     288
1000  7023  14016     238
1000  6837  14739     252
1000  7068  13575     290
1000  6813  15366     204
1000  7152  13514     328
1000  7023  13903     278
1000  6795  15209     250
1000  7023  14081     276
1000  7089  13409     294
1000  7068  13406     296
1000  6972  14972     210
1000  7044  13718     298
1000  7077  13733     306
1000  6912  14546     262
1000  7008  13510     286
1000  6822  15110     228
1000  6789  15139     234
1000  6870  14154     262
1000  6966  13933     300
1000  6945  14313     268
1000  6945  13678     272
1000  6870  15063     256
1000  6771  14542     260
1000  6969  13712     296
1000  6900  14101     268
1000  7032  13912     262
1000  7026  14025     270
1000  7035  14457     266
1000  7038  14211     270
1000  6957  14983     234
1000  6975  15148     250
1000  7134  13863     296
1000  6984  13960     284
1000  7113  13956     248
1000  7032  13972     308
1000  6978  14282     242
1000  6831  15049     252
1000  7032  14431     256
1000  6876  14470     226
1000  6936  14854     260
1000  7029  13660     294
1000  6798  15071     202
1000  7011  14823     248
1000  6942  14547     292
1000  7005  14153     270
1000  6918  14305     272
1000  7140  13777     272
1000  6876  14078     258
1000  6903  15493     228
1000  7035  13930     278
1000  7185  13666     280
1000  6927  14026     266
1000  7071  14092     250
1000  6951  14330     234
1000  6999  14522     268
1000  7020  14194     250
1000  6939  14835     294
1000  6888  14922     232
1000  6759  14854     254
1000  6903  13481     298
1000  7044  14795     230
1000  7014  13511     322
1000  6828  15335     208
1000  7008  13965     262
1000  7059  13887     276
1000  6666  15556     190
1000  7017  14066     276
1000  7059  14184     248
1000  6966  14102     250
1000  6936  14086     292
1000  6840  14673     234
1000  7014  13989     262
1000  7032  13655     284
1000  6975  13701     310
1000  7083  13486     302
1000  6864  14183     270
1000  6957  15012     234
1000  6984  14283     274
1000  7020  14443     244
1000  6936  14754     238
1000  6855  15141     232
1000  6852  14571     264
1000  7125  14097     264
1000  7065  14153     284
1000  7095  14051     282
1000  6897  14775     232
1000  6939  14465     246
1000  6972  13924     274
1000  6978  14097     256
1000  6912  14754     258
1000  7014  14898     208
1000  6954  14441     238
1000  6768  15654     204
1000  6933  14185     252
1000  6909  14417     274
1000  7020  13997     294
1000  7080  13533     324
1000  7005  14857     260
1000  6981  14343     260
1000  7131  14576     252
1000  6864  15853     256
1000  7020  14010     280
1000  6951  13853     312
1000  6762  15516     190
1000  6843  15605     208
1000  6864  14195     266
1000  7008  14235     250
1000  7089  14417     270
1000  6867  14422     252
1000  7044  14588     264
1000  7128  13932     280
1000  6894  14474     238
1000  6891  14115     280
1000  6927  14617     246
1000  7080  13535     290
1000  7071  14612     340
1000  6927  14533     234
1000  6804  14855     212
1000  6981  13649     286
1000  6945  13777     290
1000  6936  13967     260
1000  6954  14583     262
1000  6936  14261     262
1000  6978  14200     264
1000  6999  14063     292
1000  7134  14227     304
1000  7098  14655     284
1000  6978  14437     262
1000  6681  16501     206
1000  7098  14055     288
1000  6792  15149     256
1000  6777  14548     226
1000  7134  13882     276
1000  6978  14071     288
1000  6918  14336     296
1000  6726  15206     266
1000  6930  13694     282
1000  6849  14481     224
1000  7002  14959     242
1000  6903  15210     220
1000  6963  15430     242
1000  6828  15488     200
1000  6921  15511     226
1000  6801  15199     242
1000  6831  15501     216
1000  7071  13793     248
1000  7080  14163     264
1000  7023  13638     300
1000  6738  14476     284
1000  6993  13989     296
1000  6837  13981     240
1000  6909  15143     246
1000  7011  14255     278
1000  6903  13726     308
1000  6978  13857     302
1000  6903  14444     238
1000  7029  13918     308
1000  6834  15885     262
1000  7161  13619     298
1000  7155  13613     326
1000  7020  13762     296
1000  6840  14714     256
1000  7107  13539     292
1000  7071  14235     234
1000  6900  16536     232
1000  7137  13656     292
1000  7017  14795     268
1000  6930  14595     224
1000  6888  14804     220
1000  6900  15347     214
1000  6894  14739     288
1000  7113  14226     292
1000  7035  14225     244
1000  6903  15099     228
1000  6894  14306     262
1000  6960  15684     242
1000  7221  13726     296
1000  6858  14872     250
1000  7068  13774     300
1000  6864  15851     266
1000  6924  15723     264
1000  7002  13868     252
1000  6960  14537     252
1000  6924  14357     228
1000  7143  13804     292
1000  7164  14661     238
1000  6924  14943     234
1000  7068  13946     284
1000  6942  14183     276
1000  6957  15376     294
1000  7026  15004     258
1000  7062  13887     274
1000  6948  14635     252
1000  6852  15001     232
1000  7098  14065     262
1000  7005  13645     266
1000  6897  14483     246
1000  6933  14254     282
1000  6810  14635     228
1000  7050  13719     278
1000  6954  14035     264
1000  6987  13865     286
1000  6933  13993     316
1000  6879  14254     270
1000  7017  14618     240
1000  6993  14027     302
1000  7140  13350     296
1000  7062  13955     324
1000  6975  14128     264
1000  6999  13940     342
1000  6966  13538     316
1000  6885  15640     266
1000  7047  14277     266
1000  7002  14667     292
1000  6834  15003     210
1000  7017  14485     272
1000  6963  13666     282
1000  6852  14262     250
1000  7137  13756     296
1000  6774  15053     248
1000  6987  14662     258
1000  6936  14188     308
1000  6954  13487     308
1000  6894  14366     286
1000  6858  14498     290
1000  6939  14545     248
1000  6948  14291     240
1000  7113  13745     298
1000  7092  13577     360
1000  6939  14214     284
1000  6987  14447     252
1000  7086  13794     298
1000  6888  14712     248
1000  7176  13783     310
1000  6960  13943     262
1000  7041  13616     282
1000  6927  14587     250
1000  6873  14840     230
1000  6831  16229     200
1000  6849  14816     224
1000  7002  14134     250
1000  6996  15063     272
1000  6975  13866     266
1000  7032  13671     276
1000  6843  14763     222
1000  7014  14233     258
1000  7125  13857     270
1000  6840  15219     240
1000  6951  14757     280
1000  6900  14644     250
1000  6957  13837     288
1000  6861  14923     266
1000  7101  13967     254
1000  7128  13646     280
1000  7206  14042     278
1000  6942  14563     304
1000  6939  14624     250
1000  6966  15192     230
1000  7056  14360     262
1000  6936  15597     236
1000  7035  14132     264
1000  6870  15618     250
1000  6810  15179     264
1000  6957  14598     242
1000  7008  13713     292
1000  6855  14019     294
1000  6942  14472     270
1000  6891  14345     246
1000  7050  14033     258
1000  6942  14708     336
1000  6987  14343     250
1000  7092  13869     268
1000  7083  14380     288
1000  6984  14839     222
1000  7002  15649     234
1000  6957  14409     256
1000  7029  14030     294
1000  6942  14436     254
1000  6993  13978     284
1000  7077  13250     312
1000  7053  14913     216
1000  6915  14189     266
1000  6951  14491     248
1000  6999  14504     296
1000  7029  14814     246
1000  7158  13857     280
1000  6930  14876     222
1000  7002  13379     294
1000  6900  14274     292
1000  6891  14186     300
1000  7107  13613     308
1000  7002  13908     290
1000  6864  16156     236
1000  6939  14099     250
1000  7026  13538     286
1000  6840  13965     294
1000  6810  14855     244
1000  6918  14748     290
1000  6915  14771     230
1000  7029  14801     250
1000  6900  14599     244
1000  7008  13594     310
1000  6819  15544     206
1000  6990  14715     300
1000  6870  14297     266
1000  6936  14351     246
1000  6915  15334     262
1000  7203  13554     308
1000  7050  14097     254
1000  6801  16339     216
1000  6771  15917     192
1000  7038  14131     332
1000  6972  14144     274
1000  6906  14358     308
1000  7047  14440     250
1000  6915  13651     310
1000  6987  13796     276
1000  7029  14314     306
1000  6822  15216     206
1000  6975  14203     278
1000  6930  14780     222
1000  6999  13732     302
1000  6975  13892     274
1000  7029  13901     232
1000  6864  15367     224
1000  6999  14158     250
1000  6963  14931     254
1000  6984  14015     266
1000  6957  14058     234
1000  6867  14594     252
1000  7065  13096     344
1000  6939  13924     284
1000  6744  15551     202
1000  6891  14332     298
1000  6930  14530     268
1000  6969  13927     294
1000  7050  13934     286
1000  6876  14772     294
1000  6987  14436     276
1000  6792  15680     200
1000  7071  12919     350
1000  6969  13842     272
1000  7062  14726     280
1000  6954  14399     234
1000  6900  14435     248
1000  7041  14372     260
1000  7206  14171     264
1000  7038  14759     308
1000  7122  13786     280
1000  7140  14379     256
1000  7131  13985     286
1000  7077  14001     284
1000  6819  14112     258
1000  7044  13663     326
1000  6921  13945     296
1000  7017  14151     270
1000  7086  14153     258
1000  6870  14555     228
1000  6996  13989     278
1000  6990  13857     278
1000  6987  13846     312
1000  6948  15023     282
1000  6882  14458     256
1000  6813  15551     230
1000  7077  13714     274
1000  6777  15617     226
1000  6891  13517     310
1000  6861  15273     222
1000  7101  13998     278
1000  7140  13871     294
1000  6843  15385     256
1000  7038  14041     288
1000  6945  15511     236
1000  7116  13346     346
1000  7032  14330     254
1000  7047  14368     254
1000  6993  15162     286
1000  6840  14477     264
1000  7020  13842     310
1000  6765  14892     230
1000  6927  14627     212
1000  6996  13777     288
1000  6969  13972     268
1000  7098  13770     320
1000  6879  15243     246
1000  7029  14515     236
1000  6942  14261     260
1000  6846  15099     232
1000  7116  13669     276
1000  7014  15100     242
1000  7068  13938     280
1000  6951  15055     254
1000  6858  14958     220
1000  6834  14969     236
1000  7011  13498     314
1000  6786  15608     220
1000  6930  14458     228
1000  7026  14866     264
1000  7011  13960     256
1000  6948  14021     290
1000  6945  14347     266
1000  6855  14734     254
1000  7080  14610     246
1000  6888  14144     256
1000  7062  14649     250
1000  6933  14412     258
1000  7002  14532     218
1000  7014  13958     290
1000  6954  14761     226
1000  6906  15014     240
1000  6963  14038     286
1000  6915  13856     270
1000  7059  14320     256
1000  7029  13989     274
1000  6963  13819     318
1000  7062  14165     306
1000  6780  15582     228
1000  6981  15372     230
1000  6819  14649     224
1000  6933  14995     232
1000  7023  13741     314
1000  6876  14203     298
1000  7059  14148     298
1000  6756  14395     226
1000  6840  14863     256
1000  6855  14994     268
1000  6987  13869     278
1000  6813  16155     202
1000  6891  15192     218
1000  6837  15161     228
1000  6957  13164     310
1000  6933  13818     276
1000  7002  14672     262
1000  6990  14501     268
1000  6984  15004     254
1000  6984  14700     258
1000  7173  13632     280
1000  6831  14759     234
1000  7053  14027     274
1000  6801  16126     182
1000  7011  14494     254
1000  6867  14704     260
1000  6999  14253     310
1000  7122  13841     274
1000  7185  13479     308
1000  7092  13864     282
1000  6978  13993     290
1000  6981  13899     290
1000  6876  14352     238
1000  6996  13947     298
1000  6882  16086     228
1000  6963  13826     290
1000  6882  14650     252
1000  6972  15001     250
1000  7044  14298     262
1000  7029  14849     258
1000  6900  14397     238
1000  6942  14289     290
1000  6981  14514     250
1000  6876  14571     218
1000  6813  15469     210
1000  6900  14414     284
1000  7056  13627     288
1000  7035  13557     284
1000  7110  13869     288
1000  6840  15721     234
1000  6876  14691     234
1000  6921  13693     276
1000  6933  14299     260
1000  6990  14380     306
1000  6921  14957     298
1000  7071  13874     258
1000  7095  13811     306
1000  7002  13599     270
1000  7026  14366     222
1000  6930  14639     234
1000  7050  13887     270
1000  6681  16254     166
1000  7065  14181     300
1000  6840  15446     236
1000  6804  15763     206
1000  7005  13932     282
1000  7041  14376     248
1000  6978  14848     262
1000  7077  14023     294
1000  6978  14618     254
1000  7059  13705     290
1000  7119  13375     310
1000  7050  14059     278
1000  6978  14222     272
1000  7017  14104     292
1000  6900  14990     216
1000  6831  15717     238
1000  6966  13566     272
1000  6852  14763     244
1000  6903  14059     272
1000  6852  13558     296
1000  6972  14216     296
1000  7041  14116     256
1000  7098  14327     298
1000  7047  14117     312
1000  6993  14164     226
1000  7020  14666     298
1000  6927  14126     292
1000  6978  15281     230
1000  6927  16495     212
1000  6999  14348     298
1000  6930  14360     304
1000  7101  13404     298
1000  6960  13545     326
1000  7098  13654     294
1000  6975  15054     242
1000  6996  14550     266
1000  6942  15518     278
1000  6798  15907     208
1000  6990  14209     272
1000  6978  14209     282
1000  6867  15368     202
1000  6972  14147     274
1000  6921  13470     310
1000  6933  14461     266
1000  6981  14931     268
1000  7005  15076     262
1000  6969  14231     262
1000  6957  15055     272
1000  6828  15709     210
1000  6831  15012     230
1000  6795  14778     258
1000  6906  14927     274
1000  6957  14465     254
1000  6942  14341     254
1000  6843  14313     258
1000  7020  13669     290
1000  6978  13942     272
1000  6933  14122     288
1000  6915  14038     262
1000  6966  13459     330
1000  6990  14240     300
1000  6990  14787     262
1000  6972  14970     272
1000  7008  13882     270
1000  7008  14058     284
1000  6843  14804     248
1000  6972  13995     268
1000  6966  14252     258
1000  6993  14157     264
1000  6855  14399     276
1000  7041  14509     246
1000  6945  14488     262
1000  7065  14354     240
1000  6846  14448     274
1000  6900  13808     286
1000  6861  17099     238
1000  6990  14641     288
1000  6822  14417     264
1000  6870  14099     260
1000  6993  14253     262
1000  6957  14787     232
1000  6897  14089     276
1000  6981  14239     256
1000  7083  14161     302
1000  6945  14484     286
1000  6978  14446     284
1000  6939  14728     284
1000  6840  14877     250
1000  7041  13926     274
1000  6981  14299     280
1000  7035  14529     286
1000  6954  14636     266
1000  7107  14376     300
1000  6900  15102     252
1000  7068  14349     282
1000  6966  14871     266
1000  6975  14092     260
1000  6960  13743     302
1000  6867  14793     252
1000  6828  14991     252
1000  7248  13665     308
1000  6921  14058     288
1000  7140  14108     274
1000  6864  14736     260
1000  7005  14384     276
1000  7026  14359     240
1000  6996  14278     272
1000  6894  15091     282
1000  6885  15886     244
1000  6921  14116     282
1000  6903  14494     226
1000  7077  13807     258
1000  6954  13708     302
1000  6927  14550     230
1000  7014  14316     232
1000  7059  14180     286
1000  6966  13788     284
1000  6819  14623     288
1000  6885  15342     220
1000  6720  15451     220
1000  6828  15918     216
1000  6936  14390     224
1000  7032  14330     256
1000  6945  14703     248
1000  7134  14275     254
1000  6873  15372     250
1000  6765  16014     232
1000  7077  14044     276
1000  6951  14008     332
1000  7167  14178     276
1000  7023  14769     280
1000  6720  14758     222
1000  7008  14354     250
1000  7140  14070     248
1000  6792  15865     236
1000  7110  13728     290
1000  7011  14650     238
1000  6972  15334     214
1000  6915  14796     246
1000  7071  13920     288
1000  6876  14245     296
1000  6960  14425     240
1000  6945  14002     270
1000  7020  13926     274
1000  6942  14052     286
1000  6990  14144     290
1000  6864  15260     252
1000  7014  13763     314
1000  6975  14054     252
1000  6930  14665     262
1000  7098  13684     286
1000  6990  15051     254
1000  7101  13649     286
1000  6993  14046     248
1000  7068  14464     234
1000  6921  13929     300
1000  6966  14616     256
1000  6903  14634     280
1000  6801  15294     228
1000  6939  14261     230
1000  6993  13403     324
1000  6945  14935     238
1000  6921  13828     254
1000  6972  13965     294
1000  6993  16022     296
1000  6969  14615     250
1000  7167  13725     322
1000  6969  15214     246
1000  7101  13353     316
1000  6846  14963     270
1000  6939  14106     310
1000  6840  15749     250
1000  7041  14650     278
1000  6984  13706     340
1000  6828  15441     244
1000  7083  13181     320
1000  7161  13823     286
1000  6963  14170     294
1000  7062  14068     258
1000  7101  13436     332
1000  7029  13496     290
1000  7020  14105     278
1000  7083  14413     302
1000  7047  13636     286
1000  7062  13702     282
1000  6849  14484     266
1000  6927  14399     246
1000  6954  14447     284
1000  6972  14308     250
1000  6957  13829     316
1000  7092  13625     316
1000  7116  13898     296
1000  6960  13829     264
1000  6648  15398     200
1000  7020  13950     274
1000  6987  15076     262
1000  6906  14224     260
1000  7086  14106     254
1000  6942  13698     274
1000  7032  13717     302
1000  7032  13857     270
1000  6885  14653     238
1000  7071  13872     290
1000  7092  14242     294
1000  6933  14620     258
1000  6942  14736     264
1000  6936  14447     260
1000  6819  15221     206
1000  6876  14675     242
1000  6951  13845     306
1000  6933  14956     244
1000  6993  14051     270
1000  6948  14885     272
1000  6915  14728     308
1000  7101  13649     282
1000  7053  13866     278
1000  6804  15000     208
1000  6960  16148     226
1000  7098  13978     278
1000  6948  14139     314
1000  6888  14431     280
1000  7107  13578     342
1000  7059  14464     260
1000  6945  15357     220
1000  6918  14836     238
1000  7071  13824     292
1000  6981  14269     276
1000  6996  14146     258
1000  7020  13830     318
1000  6978  13749     280
1000  7029  13706     324
1000  6990  13565     324
1000  6810  15287     210
1000  6969  13868     308
1000  6900  14326     250
1000  6897  15404     216
1000  6861  15445     232
1000  6849  15728     256
1000  6747  15531     228
1000  6870  14876     260
1000  7008  13752     282
1000  6954  14839     226
1000  6978  14912     254
1000  6981  14158     292
1000  7029  14473     246
1000  6915  14842     262
1000  6948  14332     252
1000  6828  14212     278
1000  6948  13967     298
1000  6978  14300     232
1000  6939  14380     266
1000  6942  14424     296
1000  7017  13801     262
1000  6993  13891     298
1000  6951  13402     320
1000  6960  14765     226
1000  7008  14285     236
1000  7110  13827     300
1000  7104  13573     286
1000  6900  15141     236
1000  7035  14464     264
1000  7050  14560     230
1000  6807  14362     278
1000  6858  15410     236
1000  6972  14801     254
1000  6927  13764     316
1000  6987  14670     308
1000  7041  14055     234
1000  7041  14475     244
1000  7113  13358     316
1000  6882  14521     240
1000  6981  14351     262
1000  6951  13951     294
1000  6717  15210     180
1000  6855  15713     244
1000  6951  14131     264
1000  7224  14097     290
1000  6936  13869     256
1000  6939  14577     264
1000  6888  14826     250
1000  7095  14345     284
1000  7044  13545     320
1000  6954  14393     248
1000  6894  14660     298
1000  7020  14217     254
1000  6990  14478     286
1000  6957  14821     244
1000  6912  14439     258
1000  6951  15840     204
1000  7029  14388     262
1000  6936  15796     228
1000  7017  13903     324
1000  6900  14381     288
1000  6900  14678     304
1000  6756  15028     200
1000  7080  13641     332
1000  6963  14163     258
1000  6900  14886     240
1000  7218  13804     312
1000  6936  14808     268
1000  7008  14838     226
1000  7047  13303     330
1000  6870  14210     248
1000  6846  14610     278
1000  6999  14108     266
1000  6975  14055     262
1000  7020  14501     234
1000  6909  15112     244
1000  6924  16055     200
1000  6867  14385     212
1000  7038  13425     302
1000  6825  14737     260
1000  7032  14373     244
1000  7080  13296     316
1000  6954  15709     258
1000  7158  13811     310
1000  6813  15166     224
1000  6963  14737     292
1000  6966  14343     260
1000  7041  14081     266
1000  6978  14449     306
1000  6963  14187     290
1000  6894  14462     262
1000  6930  14113     266
1000  6843  14911     214
1000  7011  14825     278
1000  6981  13828     284
1000  6984  14171     238
1000  6906  14213     268
1000  7023  13480     306
1000  7065  13948     274
1000  6903  14863     242
1000  6909  13894     292
1000  6960  14004     300
1000  6852  14711     250
1000  6849  14095     264
1000  7026  14170     258
1000  7008  13468     302
1000  6897  14939     254
1000  6840  14612     244
1000  6897  13614     296
1000  6897  14775     248
1000  7146  13742     276
1000  6933  14600     276
1000  6975  13998     264
1000  7029  14289     256
1000  6939  16182     302
1000  6906  15290     240
1000  7017  14082     276
1000  6939  13885     266
1000  7038  14748     228
1000  7092  14040     298
1000  6966  13821     274
1000  6972  14453     236
1000  7077  14583     232
1000  7014  14763     256
1000  6951  15448     256
1000  6915  15028     212
1000  6984  14201     252
1000  6840  14281     280
1000  7101  13508     296
