
1000  66138  34325 
1000  66136  34317 
1000  66282  34448 
1000  66082  34306 
1000  66240  34437 
1000  66133  34328 
1000  66154  34314 
1000  66098  34318 
1000  66155  34318 
1000  66124  34346 
1000  66222  34373 
1000  66195  34370 
1000  66169  34347 
1000  66230  34424 
1000  66092  34262 
1000  66148  34319 
1000  66123  34316 
1000  66128  34276 
1000  66184  34360 
1000  66293  34433 
1000  66216  34363 
1000  66166  34368 
1000  66210  34345 
1000  66059  34304 
1000  66194  34328 
1000  66268  34419 
1000  66261  34400 
1000  66222  34422 
1000  66268  34412 
1000  66243  34444 
1000  66205  34367 
1000  66208  34383 
1000  66165  34297 
1000  66344  34478 
1000  66135  34331 
1000  66165  34362 
1000  66212  34347 
1000  66077  34286 
1000  66335  34454 
1000  66270  34409 
1000  66100  34267 
1000  66303  34450 
1000  66190  34380 
1000  66141  34338 
1000  66119  34313 
1000  66246  34424 
1000  66241  34390 
1000  66106  34299 
1000  66104  34289 
1000  66156  34343 
1000  66166  34312 
1000  66153  34303 
1000  66180  34356 
1000  66239  34413 
1000  66153  34344 
1000  66160  34342 
1000  66214  34440 
1000  66230  34416 
1000  66297  34458 
1000  66275  34449 
1000  66206  34329 
1000  66143  34337 
1000  66254  34430 
1000  66315  34496 
1000  66207  34357 
1000  66224  34391 
1000  66137  34315 
1000  66148  34334 
1000  66269  34465 
1000  66187  34353 
1000  66203  34371 
1000  66211  34386 
1000  66174  34332 
1000  66148  34324 
1000  66166  34355 
1000  66077  34257 
1000  66140  34352 
1000  66250  34390 
1000  66088  34287 
1000  66251  34442 
1000  66118  34313 
1000  66238  34417 
1000  66293  34408 
1000  66089  34274 
1000  66206  34345 
1000  66113  34305 
1000  66175  34313 
1000  66064  34341 
1000  66158  34353 
1000  66204  34355 
1000  66249  34429 
1000  66106  34348 
1000  66317  34466 
1000  66121  34305 
1000  66286  34444 
1000  66224  34376 
1000  66321  34439 
1000  66288  34451 
1000  66148  34327 
1000  66227  34415 
1000  66158  34348 
1000  66166  34362 
1000  66122  34357 
1000  66145  34315 
1000  66212  34401 
1000  66125  34347 
1000  66298  34475 
1000  66125  34253 
1000  66194  34327 
1000  66166  34350 
1000  66108  34271 
1000  66183  34357 
1000  66165  34322 
1000  66199  34373 
1000  66131  34333 
1000  66227  34363 
1000  66159  34346 
1000  66287  34426 
1000  66222  34408 
1000  66267  34442 
1000  66224  34362 
1000  66061  34231 
1000  66277  34409 
1000  66100  34288 
1000  66270  34444 
1000  66164  34344 
1000  66114  34317 
1000  66199  34405 
1000  66132  34335 
1000  66111  34325 
1000  66227  34396 
1000  66238  34418 
1000  66336  34492 
1000  66178  34410 
1000  66100  34340 
1000  66212  34399 
1000  66245  34390 
1000  66229  34374 
1000  66136  34322 
1000  66269  34397 
1000  66234  34376 
1000  66318  34450 
1000  66224  34377 
1000  66093  34259 
1000  66020  34223 
1000  66101  34278 
1000  66221  34413 
1000  66077  34246 
1000  66153  34278 
1000  66189  34328 
1000  66294  34461 
1000  66172  34360 
1000  66252  34449 
1000  66216  34366 
1000  66092  34263 
1000  66162  34349 
1000  66169  34382 
1000  66063  34283 
1000  66346  34515 
1000  66012  34167 
1000  66245  34399 
1000  66121  34327 
1000  66059  34257 
1000  66168  34355 
1000  66168  34402 
1000  66187  34289 
1000  66212  34370 
1000  66183  34376 
1000  66218  34403 
1000  66364  34489 
1000  66235  34449 
1000  66253  34454 
1000  66146  34314 
1000  66188  34356 
1000  66192  34346 
1000  66289  34465 
1000  66245  34441 
1000  66164  34319 
1000  66133  34299 
1000  66113  34346 
1000  66138  34314 
1000  66055  34264 
1000  66141  34340 
1000  66172  34370 
1000  66264  34445 
1000  66138  34300 
1000  66142  34273 
1000  66185  34385 
1000  66120  34317 
1000  66168  34350 
1000  66198  34353 
1000  66223  34381 
1000  66210  34421 
1000  66088  34285 
1000  66119  34363 
1000  66196  34330 
1000  66134  34320 
1000  66352  34489 
1000  66124  34342 
1000  66068  34263 
1000  66171  34378 
1000  66340  34480 
1000  66189  34361 
1000  66169  34332 
1000  66178  34347 
1000  66209  34416 
1000  66085  34216 
1000  66201  34383 
1000  66073  34225 
1000  66234  34405 
1000  66237  34405 
1000  66090  34330 
1000  66365  34490 
1000  66135  34335 
1000  66201  34401 
1000  66233  34430 
1000  66283  34458 
1000  66224  34367 
1000  66039  34229 
1000  66141  34284 
1000  66128  34330 
1000  66283  34430 
1000  66169  34341 
1000  66250  34435 
1000  66164  34366 
1000  66183  34347 
1000  66337  34470 
1000  66150  34291 
1000  66131  34301 
1000  66117  34264 
1000  66294  34452 
1000  66084  34297 
1000  66186  34378 
1000  66110  34314 
1000  66187  34360 
1000  66199  34359 
1000  66249  34395 
1000  66100  34321 
1000  66000  34233 
1000  66201  34370 
1000  66176  34353 
1000  66124  34291 
1000  66204  34342 
1000  66214  34349 
1000  66168  34346 
1000  66250  34380 
1000  66250  34423 
1000  66335  34499 
1000  66198  34321 
1000  66242  34427 
1000  66208  34376 
1000  66152  34310 
1000  66203  34358 
1000  66176  34392 
1000  66138  34401 
1000  66234  34360 
1000  66152  34354 
1000  66204  34353 
1000  66181  34379 
1000  66215  34387 
1000  66161  34322 
1000  66214  34397 
1000  66052  34275 
1000  66276  34460 
1000  66077  34273 
1000  66269  34425 
1000  66357  34483 
1000  66239  34400 
1000  66199  34365 
1000  66122  34332 
1000  66190  34352 
1000  66143  34337 
1000  66175  34376 
1000  66218  34412 
1000  66119  34269 
1000  66143  34365 
1000  66140  34330 
1000  66246  34406 
1000  66221  34399 
1000  66181  34343 
1000  66184  34375 
1000  66179  34344 
1000  66138  34368 
1000  66073  34228 
1000  66136  34279 
1000  66178  34350 
1000  66302  34449 
1000  66212  34385 
1000  66181  34341 
1000  66222  34380 
1000  66189  34385 
1000  66256  34416 
1000  66239  34410 
1000  66217  34427 
1000  66210  34359 
1000  66154  34313 
1000  66226  34364 
1000  66190  34358 
1000  66105  34319 
1000  66255  34427 
1000  66159  34337 
1000  66251  34394 
1000  66127  34291 
1000  66180  34335 
1000  66202  34409 
1000  66317  34495 
1000  66280  34464 
1000  66115  34296 
1000  66160  34379 
1000  66193  34366 
1000  66250  34425 
1000  66127  34297 
1000  66110  34316 
1000  66181  34359 
1000  66191  34343 
1000  66277  34437 
1000  66092  34285 
1000  66152  34264 
1000  66218  34359 
1000  66235  34378 
1000  66080  34313 
1000  66148  34311 
1000  66144  34376 
1000  66207  34350 
1000  66292  34440 
1000  66208  34360 
1000  66249  34412 
1000  66102  34322 
1000  66117  34339 
1000  66244  34425 
1000  66109  34312 
1000  66196  34395 
1000  66108  34305 
1000  66169  34315 
1000  66184  34327 
1000  66223  34384 
1000  66298  34440 
1000  66186  34362 
1000  66037  34235 
1000  66183  34378 
1000  66244  34440 
1000  66245  34392 
1000  66091  34295 
1000  66177  34376 
1000  66201  34354 
1000  66179  34336 
1000  66263  34421 
1000  66187  34367 
1000  66288  34483 
1000  66144  34325 
1000  66148  34330 
1000  66102  34242 
1000  66233  34413 
1000  66185  34364 
1000  66144  34308 
1000  66234  34365 
1000  66255  34416 
1000  66086  34275 
1000  66192  34396 
1000  66132  34281 
1000  66142  34311 
1000  66085  34276 
1000  66139  34304 
1000  66188  34375 
1000  66210  34412 
1000  66137  34289 
1000  66188  34395 
1000  66178  34404 
1000  66224  34384 
1000  66143  34313 
1000  66227  34382 
1000  66268  34453 
1000  66229  34419 
1000  66181  34352 
1000  66180  34354 
1000  66182  34384 
1000  66232  34404 
1000  66289  34448 
1000  66109  34334 
1000  66311  34434 
1000  66243  34430 
1000  66236  34426 
1000  66247  34465 
1000  66244  34412 
1000  66225  34392 
1000  66071  34261 
1000  66231  34383 
1000  66158  34375 
1000  66113  34308 
1000  66133  34302 
1000  66122  34272 
1000  66189  34370 
1000  66197  34357 
1000  66151  34332 
1000  66157  34394 
1000  66130  34315 
1000  66147  34340 
1000  66220  34399 
1000  66145  34350 
1000  66224  34405 
1000  66150  34346 
1000  66173  34319 
1000  66234  34422 
1000  66011  34225 
1000  66151  34396 
1000  66224  34371 
1000  66336  34443 
1000  66088  34257 
1000  66287  34430 
1000  66060  34256 
1000  66248  34409 
1000  66210  34387 
1000  66210  34316 
1000  66259  34403 
1000  66083  34312 
1000  66053  34262 
1000  66310  34479 
1000  66203  34454 
1000  66197  34336 
1000  66242  34399 
1000  66132  34336 
1000  66242  34407 
1000  66098  34305 
1000  66177  34337 
1000  66164  34331 
1000  66058  34223 
1000  66253  34350 
1000  66281  34446 
1000  66157  34319 
1000  66223  34373 
1000  66203  34394 
1000  66255  34430 
1000  66220  34360 
1000  66259  34442 
1000  66126  34320 
1000  66201  34374 
1000  66288  34392 
1000  66144  34312 
1000  66245  34429 
1000  66281  34461 
1000  66168  34350 
1000  66174  34396 
1000  66123  34371 
1000  66135  34310 
1000  66168  34380 
1000  66177  34355 
1000  66174  34380 
1000  66143  34319 
1000  66161  34362 
1000  66140  34334 
1000  66340  34464 
1000  66208  34326 
1000  66204  34383 
1000  66182  34395 
1000  66273  34460 
1000  66052  34284 
1000  66206  34382 
1000  66155  34320 
1000  66180  34362 
1000  66148  34273 
1000  66252  34439 
1000  66123  34278 
1000  66338  34518 
1000  66255  34454 
1000  66151  34310 
1000  66216  34427 
1000  66168  34350 
1000  66200  34388 
1000  66179  34356 
1000  66200  34362 
1000  66308  34478 
1000  66134  34343 
1000  66152  34365 
1000  66291  34466 
1000  66113  34317 
1000  66259  34404 
1000  66121  34361 
1000  66081  34227 
1000  66084  34286 
1000  66208  34395 
1000  66197  34333 
1000  66165  34372 
1000  66095  34274 
1000  66215  34310 
1000  66196  34375 
1000  66263  34452 
1000  66176  34395 
1000  66186  34372 
1000  66183  34346 
1000  66133  34337 
1000  66283  34451 
1000  66239  34438 
1000  66179  34416 
1000  66163  34322 
1000  66113  34270 
1000  66324  34491 
1000  66270  34423 
1000  66192  34370 
1000  66156  34328 
1000  66099  34289 
1000  66117  34270 
1000  66141  34344 
1000  66245  34397 
1000  66201  34363 
1000  66155  34338 
1000  66187  34379 
1000  66172  34366 
1000  66249  34400 
1000  66128  34294 
1000  66206  34395 
1000  66175  34396 
1000  66242  34414 
1000  66178  34435 
1000  66166  34339 
1000  66297  34514 
1000  66210  34363 
1000  66088  34300 
1000  66302  34473 
1000  66229  34393 
1000  66220  34398 
1000  66054  34242 
1000  66201  34368 
1000  66118  34343 
1000  66223  34401 
1000  66070  34263 
1000  66260  34415 
1000  66211  34411 
1000  66222  34383 
1000  66138  34310 
1000  66238  34364 
1000  66335  34518 
1000  66117  34258 
1000  66228  34347 
1000  66083  34290 
1000  66067  34292 
1000  66153  34316 
1000  66134  34281 
1000  66080  34273 
1000  66180  34366 
1000  66160  34337 
1000  66265  34460 
1000  66185  34361 
1000  66236  34434 
1000  66172  34362 
1000  66131  34320 
1000  66291  34471 
1000  66172  34393 
1000  66301  34496 
1000  66190  34337 
1000  66223  34369 
1000  66189  34388 
1000  66284  34471 
1000  66152  34313 
1000  66279  34440 
1000  66040  34233 
1000  66231  34383 
1000  66180  34381 
1000  66194  34371 
1000  66229  34385 
1000  66114  34337 
1000  66228  34422 
1000  66195  34369 
1000  66220  34367 
1000  66277  34439 
1000  66315  34483 
1000  66218  34350 
1000  66251  34425 
1000  66186  34373 
1000  66197  34409 
1000  66283  34464 
1000  66180  34423 
1000  66283  34409 
1000  66150  34329 
1000  66258  34401 
1000  66211  34345 
1000  66164  34275 
1000  66220  34428 
1000  66146  34273 
1000  66250  34405 
1000  66248  34430 
1000  66235  34417 
1000  66342  34453 
1000  66213  34395 
1000  66185  34339 
1000  66325  34443 
1000  66249  34397 
1000  66129  34296 
1000  66257  34464 
1000  66218  34418 
1000  66165  34361 
1000  66147  34308 
1000  66252  34423 
1000  66237  34420 
1000  66202  34395 
1000  66261  34442 
1000  66110  34269 
1000  66218  34394 
1000  66373  34569 
1000  66169  34314 
1000  66222  34422 
1000  66186  34349 
1000  66092  34274 
1000  66158  34351 
1000  66102  34280 
1000  66156  34300 
1000  66219  34372 
1000  66276  34414 
1000  66106  34346 
1000  66115  34306 
1000  66231  34373 
1000  66301  34470 
1000  66121  34333 
1000  66183  34359 
1000  66070  34302 
1000  66288  34452 
1000  66225  34415 
1000  66256  34392 
1000  66118  34273 
1000  66198  34397 
1000  66257  34453 
1000  66173  34392 
1000  66143  34311 
1000  66123  34291 
1000  66213  34368 
1000  66289  34387 
1000  66214  34406 
1000  66159  34350 
1000  66166  34404 
1000  66165  34385 
1000  66185  34309 
1000  66169  34374 
1000  66362  34512 
1000  66333  34493 
1000  66150  34325 
1000  66312  34422 
1000  66148  34317 
1000  66347  34537 
1000  66158  34349 
1000  66267  34477 
1000  66324  34462 
1000  66256  34426 
1000  66219  34365 
1000  66292  34419 
1000  66172  34365 
1000  66171  34387 
1000  66072  34242 
1000  66132  34303 
1000  66198  34342 
1000  66141  34273 
1000  66119  34300 
1000  66157  34371 
1000  66299  34444 
1000  66148  34312 
1000  66191  34369 
1000  66170  34336 
1000  66197  34407 
1000  66260  34424 
1000  66215  34379 
1000  66231  34334 
1000  66190  34386 
1000  66202  34396 
1000  66274  34483 
1000  66118  34335 
1000  66097  34279 
1000  66162  34323 
1000  66261  34436 
1000  66225  34429 
1000  66193  34349 
1000  66237  34439 
1000  66209  34404 
1000  66259  34439 
1000  66228  34416 
1000  66080  34312 
1000  66200  34346 
1000  66142  34334 
1000  66078  34246 
1000  66151  34319 
1000  66230  34407 
1000  66181  34335 
1000  66207  34387 
1000  66140  34323 
1000  66112  34296 
1000  66147  34344 
1000  66260  34395 
1000  66260  34382 
1000  66182  34336 
1000  66248  34437 
1000  66258  34457 
1000  66153  34314 
1000  66238  34406 
1000  66070  34276 
1000  66246  34403 
1000  66017  34232 
1000  66217  34411 
1000  66214  34387 
1000  66177  34389 
1000  66200  34352 
1000  66279  34452 
1000  66295  34426 
1000  66205  34346 
1000  66141  34250 
1000  66081  34273 
1000  66177  34417 
1000  66252  34406 
1000  66231  34414 
1000  66149  34303 
1000  66179  34367 
1000  66173  34322 
1000  66191  34358 
1000  66186  34372 
1000  66223  34390 
1000  66162  34343 
1000  66241  34394 
1000  66156  34368 
1000  66256  34411 
1000  66121  34295 
1000  66303  34482 
1000  66209  34403 
1000  66080  34300 
1000  66257  34454 
1000  66073  34256 
1000  66218  34326 
1000  66081  34297 
1000  66135  34345 
1000  66298  34469 
1000  66141  34372 
1000  66289  34457 
1000  66168  34339 
1000  66044  34221 
1000  66233  34402 
1000  66200  34399 
1000  66310  34486 
1000  66174  34366 
1000  66188  34381 
1000  66246  34348 
1000  66099  34300 
1000  66316  34429 
1000  66218  34394 
1000  66184  34379 
1000  66220  34448 
1000  66166  34373 
1000  66115  34320 
1000  66253  34395 
1000  66138  34333 
1000  66161  34343 
1000  66202  34442 
1000  66172  34362 
1000  66301  34472 
1000  66164  34370 
1000  66183  34378 
1000  66271  34438 
1000  66191  34380 
1000  66124  34302 
1000  66171  34344 
1000  66441  34544 
1000  66159  34375 
1000  66228  34425 
1000  66188  34344 
1000  66178  34368 
1000  66204  34363 
1000  66282  34472 
1000  66089  34267 
1000  66201  34420 
1000  66131  34363 
1000  66142  34362 
1000  66223  34369 
1000  66181  34349 
1000  66254  34409 
1000  66212  34358 
1000  66228  34370 
1000  66215  34408 
1000  66196  34384 
1000  66128  34328 
1000  66245  34372 
1000  66264  34453 
1000  66179  34383 
1000  66255  34469 
1000  66177  34361 
1000  66315  34529 
1000  66204  34367 
1000  66126  34342 
1000  66098  34311 
1000  66278  34472 
1000  66227  34396 
1000  66153  34329 
1000  66163  34312 
1000  66184  34366 
1000  66086  34309 
1000  66118  34294 
1000  66212  34369 
1000  66133  34292 
1000  66108  34267 
1000  66169  34290 
1000  66159  34374 
1000  66111  34319 
1000  66182  34358 
1000  66222  34349 
1000  66188  34404 
1000  66190  34337 
1000  66318  34434 
1000  66199  34379 
1000  66202  34331 
1000  66153  34314 
1000  66226  34421 
1000  66206  34399 
1000  66125  34307 
1000  66187  34360 
1000  66117  34293 
1000  66141  34325 
1000  66187  34362 
1000  66140  34349 
1000  66233  34355 
1000  66105  34331 
1000  66101  34329 
1000  66157  34361 
1000  66245  34346 
1000  66274  34451 
1000  66180  34378 
1000  66261  34429 
1000  66204  34398 
1000  66209  34368 
1000  66354  34525 
1000  66206  34400 
1000  66130  34333 
1000  66154  34341 
1000  66248  34435 
1000  66121  34291 
1000  66158  34339 
1000  66159  34319 
1000  66265  34416 
1000  66070  34264 
1000  66207  34395 
1000  66276  34473 
1000  66164  34358 
1000  66256  34418 
1000  66114  34313 
1000  66211  34402 
1000  66070  34347 
1000  66326  34478 
1000  66182  34338 
1000  66106  34252 
1000  66249  34423 
1000  66144  34336 
1000  66194  34377 
1000  66171  34327 
1000  66319  34497 
1000  66202  34428 
1000  66133  34355 
1000  66328  34501 
1000  66247  34388 
1000  66176  34382 
1000  66251  34431 
1000  66300  34459 
1000  66174  34308 
1000  66260  34419 
1000  66218  34373 
1000  66129  34286 
1000  66131  34317 
1000  66252  34343 
1000  66101  34313 
1000  66348  34463 
1000  66241  34418 
1000  66150  34325 
1000  66118  34316 
1000  66101  34260 
1000  66255  34383 
1000  66103  34335 
1000  66132  34328 
1000  66138  34335 
1000  66153  34320 
1000  66221  34341 
1000  66129  34283 
1000  66179  34344 
1000  65952  34165 
1000  66202  34367 
1000  66141  34303 
1000  66224  34374 
1000  66154  34352 
1000  66277  34467 
1000  66208  34370 
1000  66129  34285 
1000  66217  34465 
1000  66298  34412 
1000  66155  34324 
1000  66251  34382 
1000  66145  34324 
1000  66247  34436 
1000  66246  34389 
1000  66235  34413 
1000  66153  34309 
1000  66190  34354 
1000  66188  34347 
1000  66144  34359 
1000  66142  34357 
1000  66283  34425 
1000  66214  34364 
1000  66185  34383 
1000  66169  34384 
1000  66096  34287 
1000  66072  34299 
1000  66231  34417 
