
100  3038  1583 
101  3072  1596 
102  3111  1617 
103  3158  1644 
104  3197  1661 
105  3255  1696 
106  3285  1705 
107  3331  1731 
108  3377  1756 
109  3419  1777 
110  3469  1806 
111  3506  1824 
112  3550  1847 
113  3585  1860 
114  3635  1886 
115  3688  1917 
116  3731  1939 
117  3776  1962 
118  3823  1987 
119  3870  2013 
120  3914  2035 
121  3956  2054 
122  3999  2075 
123  4040  2094 
124  4082  2116 
125  4133  2145 
126  4180  2171 
127  4223  2192 
128  4263  2210 
129  4294  2221 
130  4340  2243 
131  4392  2272 
132  4447  2304 
133  4496  2331 
134  4546  2359 
135  4596  2387 
136  4648  2414 
137  4678  2421 
138  4721  2441 
139  4779  2478 
140  4823  2500 
141  4879  2529 
142  4932  2561 
143  4980  2587 
144  5025  2610 
145  5068  2627 
146  5113  2647 
147  5171  2681 
148  5233  2718 
149  5276  2737 
150  5324  2762 
151  5402  2814 
152  5447  2835 
153  5486  2849 
154  5525  2862 
155  5567  2880 
156  5617  2906 
157  5668  2932 
158  5714  2955 
159  5756  2973 
160  5815  3007 
161  5900  3068 
162  5936  3080 
163  5987  3108 
164  6043  3138 
165  6107  3177 
166  6153  3197 
167  6200  3221 
168  6244  3241 
169  6308  3281 
170  6367  3315 
171  6413  3334 
172  6464  3360 
173  6533  3403 
174  6568  3418 
175  6618  3444 
176  6672  3474 
177  6729  3506 
178  6779  3528 
179  6808  3528 
180  6853  3548 
181  6913  3582 
182  6971  3613 
183  7024  3641 
184  7080  3672 
185  7127  3694 
186  7174  3716 
187  7230  3748 
188  7274  3769 
189  7335  3803 
190  7387  3829 
191  7420  3838 
192  7471  3864 
193  7527  3892 
194  7580  3918 
195  7637  3950 
196  7680  3967 
197  7735  3996 
198  7801  4038 
199  7846  4055 
200  7896  4080 
201  7938  4095 
202  7990  4121 
203  8065  4166 
204  8127  4200 
205  8188  4230 
206  8241  4258 
207  8291  4283 
208  8343  4307 
209  8389  4329 
210  8429  4350 
211  8489  4384 
212  8552  4421 
213  8595  4438 
214  8656  4473 
215  8720  4512 
216  8773  4539 
217  8844  4585 
218  8899  4614 
219  8958  4647 
220  8996  4657 
221  9056  4691 
222  9106  4715 
223  9154  4733 
224  9218  4771 
225  9281  4807 
226  9338  4838 
227  9387  4858 
228  9423  4870 
229  9490  4909 
230  9532  4923 
231  9598  4964 
232  9671  5010 
233  9738  5051 
234  9798  5085 
235  9850  5111 
236  9911  5141 
237  9960  5162 
238  10015  5189 
239  10072  5220 
240  10130  5251 
241  10189  5284 
242  10242  5309 
243  10291  5328 
244  10355  5362 
245  10405  5384 
246  10469  5420 
247  10528  5452 
248  10580  5475 
249  10643  5511 
250  10701  5542 
251  10759  5571 
252  10809  5592 
253  10864  5618 
254  10923  5650 
255  10999  5698 
256  11079  5753 
257  11132  5778 
258  11197  5815 
259  11243  5832 
260  11285  5845 
261  11339  5865 
262  11389  5886 
263  11448  5916 
264  11514  5954 
265  11588  6002 
266  11649  6035 
267  11715  6073 
268  11773  6101 
269  11822  6120 
270  11891  6159 
271  11962  6201 
272  12028  6238 
273  12102  6283 
274  12141  6294 
275  12203  6326 
276  12247  6341 
277  12333  6394 
278  12395  6427 
279  12454  6458 
280  12503  6476 
281  12558  6502 
282  12616  6530 
283  12686  6572 
284  12744  6603 
285  12817  6648 
286  12890  6691 
287  12947  6719 
288  13011  6755 
289  13059  6771 
290  13115  6798 
291  13180  6834 
292  13239  6863 
293  13287  6882 
294  13349  6913 
295  13436  6966 
296  13503  7005 
297  13591  7060 
298  13647  7086 
299  13711  7121 
300  13771  7151 
301  13829  7180 
302  13874  7192 
303  13941  7230 
304  14012  7271 
305  14068  7297 
306  14146  7344 
307  14209  7377 
308  14257  7393 
309  14323  7427 
310  14354  7428 
311  14443  7487 
312  14513  7527 
313  14564  7548 
314  14635  7589 
315  14651  7580 
316  14707  7607 
317  14765  7638 
318  14831  7674 
319  14904  7717 
320  14955  7739 
321  15029  7784 
322  15088  7814 
323  15151  7847 
324  15224  7891 
325  15269  7907 
326  15328  7935 
327  15416  7993 
328  15465  8012 
329  15537  8054 
330  15596  8083 
331  15667  8123 
332  15725  8150 
333  15795  8189 
334  15871  8231 
335  15948  8275 
336  15990  8287 
337  16053  8318 
338  16118  8352 
339  16197  8400 
340  16247  8419 
341  16316  8457 
342  16373  8483 
343  16445  8520 
344  16509  8555 
345  16564  8578 
346  16628  8611 
347  16702  8651 
348  16775  8694 
349  16796  8688 
350  16866  8728 
351  16932  8764 
352  16982  8787 
353  17070  8844 
354  17130  8872 
355  17220  8932 
356  17275  8956 
357  17344  8992 
358  17400  9019 
359  17483  9070 
360  17535  9089 
361  17595  9118 
362  17629  9129 
363  17693  9165 
364  17773  9213 
365  17834  9241 
366  17900  9276 
367  17948  9289 
368  18006  9316 
369  18083  9363 
370  18137  9385 
371  18197  9415 
372  18281  9466 
373  18355  9509 
374  18415  9541 
375  18509  9605 
376  18527  9595 
377  18583  9621 
378  18659  9667 
379  18702  9679 
380  18770  9717 
381  18846  9761 
382  18915  9801 
383  18988  9841 
384  19049  9871 
385  19119  9909 
386  19202  9960 
387  19254  9981 
388  19312  10005 
389  19377  10039 
390  19422  10057 
391  19480  10084 
392  19536  10107 
393  19625  10164 
394  19697  10204 
395  19766  10241 
396  19850  10294 
397  19882  10295 
398  19936  10323 
399  20034  10387 
400  20103  10424 
401  20144  10432 
402  20200  10454 
403  20279  10502 
404  20347  10539 
405  20439  10598 
406  20483  10613 
407  20529  10632 
408  20607  10682 
409  20679  10732 
410  20740  10761 
411  20812  10796 
412  20868  10818 
413  20937  10855 
414  21009  10895 
415  21081  10936 
416  21134  10956 
417  21202  10996 
418  21248  11009 
419  21338  11069 
420  21370  11064 
421  21446  11111 
422  21536  11166 
423  21604  11202 
424  21664  11231 
425  21709  11251 
426  21776  11287 
427  21832  11310 
428  21924  11371 
429  21998  11414 
430  22062  11446 
431  22125  11478 
432  22152  11472 
433  22259  11548 
434  22312  11569 
435  22377  11602 
436  22471  11664 
437  22545  11702 
438  22621  11742 
439  22694  11781 
440  22741  11798 
441  22821  11845 
442  22884  11875 
443  22955  11911 
444  23009  11931 
445  23084  11971 
446  23166  12019 
447  23220  12040 
448  23299  12086 
449  23359  12113 
450  23433  12153 
451  23530  12218 
452  23551  12208 
453  23614  12238 
454  23708  12300 
455  23773  12334 
456  23840  12369 
457  23909  12395 
458  23962  12412 
459  24039  12457 
460  24102  12488 
461  24173  12524 
462  24214  12532 
463  24288  12577 
464  24368  12628 
465  24466  12691 
466  24537  12728 
467  24613  12771 
468  24681  12807 
469  24778  12873 
470  24843  12905 
471  24923  12953 
472  24989  12987 
473  25030  12995 
474  25090  13022 
475  25137  13035 
476  25231  13097 
477  25279  13116 
478  25346  13151 
479  25427  13200 
480  25491  13231 
481  25564  13270 
482  25628  13299 
483  25682  13319 
484  25734  13338 
485  25835  13406 
486  25918  13456 
487  25991  13494 
488  26062  13530 
489  26111  13546 
490  26183  13585 
491  26269  13633 
492  26334  13665 
493  26398  13697 
494  26487  13752 
495  26536  13768 
496  26585  13782 
497  26670  13831 
498  26731  13857 
499  26804  13897 
500  26876  13936 
501  26970  13996 
502  27040  14037 
503  27104  14067 
504  27179  14110 
505  27252  14149 
506  27351  14211 
507  27409  14235 
508  27503  14295 
509  27595  14350 
510  27658  14379 
511  27704  14395 
512  27779  14437 
513  27852  14478 
514  27904  14495 
515  27982  14535 
516  28052  14571 
517  28108  14592 
518  28187  14632 
519  28269  14683 
520  28335  14720 
521  28407  14756 
522  28472  14784 
523  28543  14821 
524  28589  14833 
525  28658  14866 
526  28727  14900 
527  28803  14942 
528  28906  15012 
529  28983  15053 
530  29062  15096 
531  29136  15136 
532  29208  15173 
533  29272  15202 
534  29368  15263 
535  29441  15297 
536  29480  15301 
537  29563  15348 
538  29634  15384 
539  29724  15434 
540  29796  15471 
541  29873  15508 
542  29950  15550 
543  30013  15578 
544  30099  15629 
545  30168  15664 
546  30270  15732 
547  30333  15760 
548  30400  15793 
549  30454  15813 
550  30542  15865 
551  30620  15909 
552  30690  15943 
553  30773  15992 
554  30840  16024 
555  30895  16043 
556  30977  16089 
557  31056  16134 
558  31129  16172 
559  31179  16188 
560  31238  16211 
561  31317  16255 
562  31379  16285 
563  31441  16311 
564  31515  16351 
565  31586  16386 
566  31653  16419 
567  31749  16478 
568  31805  16498 
569  31868  16525 
570  31964  16586 
571  32041  16630 
572  32090  16644 
573  32185  16705 
574  32246  16729 
575  32321  16770 
576  32382  16794 
577  32469  16845 
578  32553  16891 
579  32623  16926 
580  32717  16982 
581  32782  17012 
582  32857  17051 
583  32927  17086 
584  33021  17141 
585  33112  17196 
586  33188  17237 
587  33257  17269 
588  33334  17309 
589  33407  17347 
590  33481  17385 
591  33541  17411 
592  33574  17406 
593  33624  17421 
594  33697  17458 
595  33768  17493 
596  33866  17552 
597  33941  17594 
598  34006  17622 
599  34081  17662 
600  34148  17694 
601  34246  17755 
602  34326  17799 
603  34401  17836 
604  34492  17892 
605  34552  17914 
606  34642  17965 
607  34721  18010 
608  34773  18028 
609  34865  18088 
610  34926  18114 
611  35009  18162 
612  35060  18173 
613  35130  18207 
614  35219  18258 
615  35293  18295 
616  35388  18355 
617  35472  18404 
618  35552  18447 
619  35634  18492 
620  35709  18529 
621  35786  18568 
622  35869  18613 
623  35939  18647 
624  36028  18699 
625  36063  18700 
626  36134  18734 
627  36200  18765 
628  36243  18771 
629  36343  18834 
630  36416  18872 
631  36489  18909 
632  36552  18937 
633  36625  18975 
634  36682  18998 
635  36766  19046 
636  36871  19115 
637  36965  19172 
638  37034  19205 
639  37102  19237 
640  37161  19259 
641  37246  19309 
642  37320  19349 
643  37426  19416 
644  37508  19463 
645  37541  19463 
646  37649  19533 
647  37701  19550 
648  37758  19569 
649  37842  19617 
650  37911  19657 
651  37976  19686 
652  38026  19701 
653  38120  19759 
654  38196  19797 
655  38290  19855 
656  38328  19855 
657  38398  19888 
658  38489  19943 
659  38560  19978 
660  38640  20023 
661  38716  20061 
662  38848  20152 
663  38896  20162 
664  38954  20185 
665  39037  20231 
666  39121  20275 
667  39192  20312 
668  39286  20368 
669  39378  20422 
670  39440  20445 
671  39522  20491 
672  39609  20538 
673  39694  20585 
674  39775  20629 
675  39823  20640 
676  39919  20699 
677  39996  20740 
678  40088  20793 
679  40170  20842 
680  40238  20872 
681  40336  20934 
682  40403  20965 
683  40504  21027 
684  40537  21021 
685  40611  21058 
686  40692  21102 
687  40774  21147 
688  40877  21212 
689  40963  21261 
690  41012  21276 
691  41095  21322 
692  41155  21350 
693  41261  21417 
694  41341  21458 
695  41404  21485 
696  41484  21527 
697  41559  21566 
698  41632  21603 
699  41715  21650 
700  41789  21684 
701  41894  21756 
702  41979  21804 
703  42063  21848 
704  42136  21886 
705  42261  21977 
706  42356  22035 
707  42407  22048 
708  42505  22110 
709  42538  22108 
710  42647  22180 
711  42733  22230 
712  42805  22267 
713  42864  22291 
714  42937  22325 
715  42983  22334 
716  43029  22343 
717  43123  22401 
718  43203  22438 
719  43286  22485 
720  43314  22478 
721  43392  22519 
722  43461  22551 
723  43520  22572 
724  43610  22626 
725  43700  22679 
726  43752  22698 
727  43847  22755 
728  43939  22808 
729  44085  22914 
730  44133  22921 
731  44205  22956 
732  44270  22978 
733  44341  23013 
734  44408  23038 
735  44495  23089 
736  44585  23142 
737  44667  23186 
738  44720  23202 
739  44819  23264 
740  44889  23296 
741  44976  23346 
742  45061  23392 
743  45158  23452 
744  45238  23494 
745  45320  23538 
746  45401  23584 
747  45460  23602 
748  45521  23626 
749  45594  23662 
750  45680  23709 
751  45763  23755 
752  45830  23785 
753  45901  23818 
754  45961  23839 
755  46040  23882 
756  46099  23900 
757  46172  23934 
758  46253  23978 
759  46339  24026 
760  46385  24035 
761  46528  24136 
762  46611  24183 
763  46686  24222 
764  46775  24269 
765  46844  24300 
766  46931  24350 
767  47011  24390 
768  47065  24406 
769  47149  24450 
770  47248  24509 
771  47338  24559 
772  47446  24628 
773  47521  24665 
774  47566  24669 
775  47668  24733 
776  47763  24789 
777  47843  24829 
778  47937  24884 
779  48034  24943 
780  48113  24983 
781  48204  25034 
782  48257  25047 
783  48333  25089 
784  48440  25157 
785  48519  25196 
786  48605  25242 
787  48709  25305 
788  48786  25344 
789  48877  25397 
790  48917  25395 
791  49000  25438 
792  49098  25502 
793  49173  25539 
794  49211  25534 
795  49285  25567 
796  49370  25614 
797  49465  25669 
798  49535  25700 
799  49621  25747 
800  49693  25779 
801  49758  25806 
802  49856  25862 
803  49957  25925 
804  50008  25937 
805  50090  25982 
806  50172  26026 
807  50257  26073 
808  50327  26102 
809  50421  26158 
810  50498  26197 
811  50562  26222 
812  50642  26262 
813  50771  26353 
814  50804  26347 
815  50895  26404 
816  50993  26465 
817  51073  26505 
818  51135  26528 
819  51250  26601 
820  51321  26634 
821  51406  26679 
822  51473  26708 
823  51621  26813 
824  51707  26862 
825  51773  26893 
826  51834  26914 
827  51913  26952 
828  52008  27007 
829  52078  27041 
830  52083  27012 
831  52163  27055 
832  52239  27088 
833  52357  27167 
834  52435  27207 
835  52507  27239 
836  52558  27251 
837  52644  27299 
838  52727  27344 
839  52803  27380 
840  52896  27431 
841  52992  27485 
842  53066  27518 
843  53185  27597 
844  53274  27648 
845  53340  27677 
846  53468  27769 
847  53544  27805 
848  53586  27807 
849  53677  27859 
850  53762  27911 
851  53856  27970 
852  53925  28000 
853  54013  28050 
854  54081  28079 
855  54168  28125 
856  54254  28170 
857  54334  28211 
858  54407  28241 
859  54509  28301 
860  54573  28327 
861  54667  28382 
862  54756  28435 
863  54889  28527 
864  54947  28547 
865  55028  28588 
866  55122  28642 
867  55212  28692 
868  55276  28720 
869  55326  28728 
870  55404  28766 
871  55494  28816 
872  55575  28857 
873  55646  28890 
874  55736  28940 
875  55837  28998 
876  55903  29023 
877  55971  29051 
878  56048  29088 
879  56132  29133 
880  56215  29176 
881  56319  29244 
882  56400  29280 
883  56496  29336 
884  56615  29420 
885  56706  29474 
886  56775  29504 
887  56843  29533 
888  56928  29579 
889  57022  29634 
890  57110  29683 
891  57205  29739 
892  57291  29783 
893  57383  29836 
894  57435  29850 
895  57526  29901 
896  57606  29939 
897  57681  29974 
898  57787  30038 
899  57869  30079 
900  57944  30115 
901  58044  30173 
902  58107  30191 
903  58222  30265 
904  58288  30291 
905  58420  30382 
906  58488  30410 
907  58566  30449 
908  58616  30462 
909  58725  30530 
910  58801  30565 
911  58865  30591 
912  58981  30665 
913  59077  30722 
914  59126  30726 
915  59223  30780 
916  59245  30764 
917  59322  30802 
918  59407  30847 
919  59474  30872 
920  59541  30898 
921  59617  30933 
922  59709  30987 
923  59798  31037 
924  59890  31088 
925  59966  31124 
926  60082  31193 
927  60141  31213 
928  60219  31252 
929  60309  31299 
930  60373  31324 
931  60454  31365 
932  60577  31448 
933  60671  31501 
934  60748  31539 
935  60783  31535 
936  60854  31567 
937  60949  31622 
938  61021  31654 
939  61107  31701 
940  61167  31721 
941  61241  31755 
942  61348  31823 
943  61431  31871 
944  61513  31913 
945  61686  32041 
946  61744  32059 
947  61794  32067 
948  61883  32115 
949  61991  32182 
950  62060  32211 
951  62148  32259 
952  62210  32280 
953  62304  32335 
954  62378  32369 
955  62480  32431 
956  62576  32487 
957  62691  32558 
958  62760  32587 
959  62812  32600 
960  62933  32682 
961  62971  32681 
962  62993  32663 
963  63098  32727 
964  63176  32763 
965  63257  32804 
966  63343  32850 
967  63438  32908 
968  63506  32935 
969  63553  32943 
970  63632  32984 
971  63721  33036 
972  63840  33112 
973  63938  33169 
974  64028  33218 
975  64120  33271 
976  64205  33317 
977  64253  33326 
978  64346  33377 
979  64432  33423 
980  64530  33480 
981  64604  33512 
982  64696  33562 
983  64794  33616 
984  64885  33670 
985  64985  33728 
986  65043  33745 
987  65142  33800 
988  65227  33844 
989  65310  33885 
990  65391  33923 
991  65487  33979 
992  65554  34005 
993  65648  34056 
994  65746  34113 
995  65813  34140 
996  65916  34204 
997  65979  34224 
998  66104  34307 
999  66215  34377 
1000  66299  34421 
