0.010000 1.641036
0.020000 2.122271
0.030000 2.537896
0.040000 2.913822
0.050000 3.265126
0.060000 3.586533
0.070000 3.880260
0.080000 4.159260
0.090000 4.421064
0.100000 4.667195
0.110000 4.897928
0.120000 5.114950
0.130000 5.318555
0.140000 5.512212
0.150000 5.695854
0.160000 5.866467
0.170000 6.031375
0.180000 6.184669
0.190000 6.329601
0.200000 6.465622
0.210000 6.591402
0.220000 6.711086
0.230000 6.823004
0.240000 6.929390
0.250000 7.028091
0.260000 7.120242
0.270000 7.206275
0.280000 7.285183
0.290000 7.360290
0.300000 7.430037
0.310000 7.494025
0.320000 7.553089
0.330000 7.607960
0.340000 7.658032
0.350000 7.704178
0.360000 7.745008
0.370000 7.783361
0.380000 7.817182
0.390000 7.847948
0.400000 7.875657
0.410000 7.900106
0.420000 7.921598
0.430000 7.940742
0.440000 7.956558
0.450000 7.969744
0.460000 7.980382
0.470000 7.988627
0.480000 7.994530
0.490000 7.997997
0.500000 7.999150
0.510000 7.997966
0.520000 7.994440
0.530000 7.988592
0.540000 7.980507
0.550000 7.969687
0.560000 7.956235
0.570000 7.940551
0.580000 7.921544
0.590000 7.900186
0.600000 7.875781
0.610000 7.848131
0.620000 7.817646
0.630000 7.783214
0.640000 7.745103
0.650000 7.702915
0.660000 7.657335
0.670000 7.607334
0.680000 7.553252
0.690000 7.492558
0.700000 7.427111
0.710000 7.356910
0.720000 7.281484
0.730000 7.200947
0.740000 7.115097
0.750000 7.024163
0.760000 6.924892
0.770000 6.817900
0.780000 6.707202
0.790000 6.589750
0.800000 6.463212
0.810000 6.327301
0.820000 6.184334
0.830000 6.034075
0.840000 5.873533
0.850000 5.700031
0.860000 5.520118
0.870000 5.328181
0.880000 5.123695
0.890000 4.907558
0.900000 4.675985
0.910000 4.429897
0.920000 4.167987
0.930000 3.891425
0.940000 3.593829
0.950000 3.271850
0.960000 2.926195
0.970000 2.547836
0.980000 2.132120
0.990000 1.647588
1.000000 1.000000
