0.010000 3.768161
0.020000 4.237436
0.030000 4.632883
0.040000 4.979243
0.050000 5.293142
0.060000 5.570226
0.070000 5.812555
0.080000 6.034487
0.090000 6.234279
0.100000 6.412802
0.110000 6.573805
0.120000 6.719645
0.130000 6.849386
0.140000 6.968423
0.150000 7.075955
0.160000 7.170090
0.170000 7.256906
0.180000 7.333894
0.190000 7.403596
0.200000 7.466087
0.210000 7.521246
0.220000 7.572116
0.230000 7.617684
0.240000 7.659637
0.250000 7.696790
0.260000 7.730643
0.270000 7.761526
0.280000 7.788569
0.290000 7.813954
0.300000 7.836450
0.310000 7.856548
0.320000 7.874172
0.330000 7.890630
0.340000 7.905822
0.350000 7.919327
0.360000 7.931310
0.370000 7.942016
0.380000 7.951640
0.390000 7.959932
0.400000 7.967438
0.410000 7.974047
0.420000 7.979650
0.430000 7.984547
0.440000 7.988571
0.450000 7.991961
0.460000 7.994704
0.470000 7.996701
0.480000 7.998093
0.490000 7.998916
0.500000 7.999068
0.510000 7.998573
0.520000 7.997569
0.530000 7.996045
0.540000 7.993900
0.550000 7.991053
0.560000 7.987514
0.570000 7.983113
0.580000 7.977975
0.590000 7.972294
0.600000 7.965681
0.610000 7.958072
0.620000 7.949978
0.630000 7.940270
0.640000 7.929750
0.650000 7.917579
0.660000 7.904563
0.670000 7.890185
0.680000 7.873882
0.690000 7.855135
0.700000 7.834340
0.710000 7.812189
0.720000 7.787244
0.730000 7.759550
0.740000 7.729753
0.750000 7.696452
0.760000 7.659582
0.770000 7.618117
0.780000 7.573541
0.790000 7.524820
0.800000 7.469454
0.810000 7.406947
0.820000 7.337768
0.830000 7.262379
0.840000 7.176926
0.850000 7.081374
0.860000 6.978048
0.870000 6.861198
0.880000 6.730269
0.890000 6.586150
0.900000 6.425497
0.910000 6.245431
0.920000 6.044587
0.930000 5.825361
0.940000 5.579386
0.950000 5.301896
0.960000 4.992649
0.970000 4.642985
0.980000 4.247214
0.990000 3.774587
1.000000 3.131353
