0.010000 4.170506
0.020000 4.637721
0.030000 5.029688
0.040000 5.371729
0.050000 5.679591
0.060000 5.948697
0.070000 6.183621
0.080000 6.397289
0.090000 6.586965
0.100000 6.754807
0.110000 6.904326
0.120000 7.037080
0.130000 7.154586
0.140000 7.260181
0.150000 7.353230
0.160000 7.433752
0.170000 7.506582
0.180000 7.569273
0.190000 7.624404
0.200000 7.673238
0.210000 7.714633
0.220000 7.751213
0.230000 7.783225
0.240000 7.812317
0.250000 7.836455
0.260000 7.857331
0.270000 7.875972
0.280000 7.891897
0.290000 7.906257
0.300000 7.918590
0.310000 7.929198
0.320000 7.938361
0.330000 7.946919
0.340000 7.954422
0.350000 7.961090
0.360000 7.966866
0.370000 7.972060
0.380000 7.976323
0.390000 7.980191
0.400000 7.983800
0.410000 7.986851
0.420000 7.989508
0.430000 7.991954
0.440000 7.993875
0.450000 7.995432
0.460000 7.996789
0.470000 7.997796
0.480000 7.998536
0.490000 7.998946
0.500000 7.999157
0.510000 7.999021
0.520000 7.998545
0.530000 7.997849
0.540000 7.996893
0.550000 7.995398
0.560000 7.993681
0.570000 7.991614
0.580000 7.989395
0.590000 7.986643
0.600000 7.983598
0.610000 7.980001
0.620000 7.975811
0.630000 7.971227
0.640000 7.966377
0.650000 7.960833
0.660000 7.954626
0.670000 7.947231
0.680000 7.938869
0.690000 7.929253
0.700000 7.918235
0.710000 7.906032
0.720000 7.891915
0.730000 7.876029
0.740000 7.857730
0.750000 7.836744
0.760000 7.812239
0.770000 7.783575
0.780000 7.752554
0.790000 7.716980
0.800000 7.676039
0.810000 7.627842
0.820000 7.572790
0.830000 7.511068
0.840000 7.440198
0.850000 7.358085
0.860000 7.267695
0.870000 7.164592
0.880000 7.046589
0.890000 6.915085
0.900000 6.765129
0.910000 6.596102
0.920000 6.404898
0.930000 6.194237
0.940000 5.956596
0.950000 5.686249
0.960000 5.383355
0.970000 5.039166
0.980000 4.647431
0.990000 4.177167
1.000000 3.534526
