
256  70581    2.537907    76.380000    100.000000
384  70581    2.537907    76.380000    100.000000
576  70581    2.537907    76.380000    100.000000
864  70581    2.537907    76.380000    100.000000
1296  70581    2.537907    76.380000    100.000000
1944  70581    2.537907    76.380000    100.000000
2916  70581    2.537907    76.380000    100.000000
4374  70581    2.537907    76.380000    100.000000
6561  70315    2.541833    76.380000    99.817101
9841  69113    2.551821    76.380000    98.882227
14761  64499    2.588598    76.380000    94.559989
22141  56030    2.746654    76.380000    85.709769
33211  43887    3.001527    76.380000    73.072175
49816  35047    3.347334    76.380000    58.324635
74724  29775    3.611486    76.380000    44.272255
112086  28879    3.664047    76.380000    32.190461
168129  27888    3.720668    76.380000    22.879456
252193  27593    3.740224    76.380000    15.931053
378289  27851    3.723852    76.380000    10.900396
567433  27536    3.743972    76.380000    7.409862
851149  27536    3.744008    76.380000    5.006174
1276723  27534    3.744135    76.380000    3.365961
1915084  27534    3.744135    76.380000    2.257812
2872626  27534    3.744135    76.380000    1.509594
4308939  27534    3.744135    76.380000    1.008183
6463408  27534    3.744135    76.380000    0.673592
9695112  27534    3.744135    76.380000    0.449670
14542668  27534    3.744135    76.380000    0.299890
21814002  27534    3.744135    76.380000    0.200055
32721003  27534    3.744135    76.380000    0.133401
