
256  70581    9.587736    76.380000    100.000000
384  70581    9.587736    76.380000    100.000000
576  70581    9.587736    76.380000    100.000000
864  70581    9.587736    76.380000    100.000000
1296  70581    9.587736    76.380000    100.000000
1944  70581    9.587736    76.380000    100.000000
2916  70581    9.587736    76.380000    100.000000
4374  70581    9.587736    76.380000    100.000000
6561  70315    9.618332    76.380000    99.817101
9841  69113    9.751393    76.380000    98.882227
14761  64499    10.303198    76.380000    94.559989
22141  56030    11.627325    76.380000    85.709769
33211  43887    14.339372    76.380000    73.072175
49816  35047    17.544954    76.380000    58.324635
74724  29775    20.322955    76.380000    44.272255
112086  28879    20.894006    76.380000    32.190461
168129  27888    21.562894    76.380000    22.879456
252193  27593    21.773203    76.380000    15.931053
378289  27851    21.589781    76.380000    10.900396
567433  27536    21.814279    76.380000    7.409862
851149  27536    21.814316    76.380000    5.006174
1276723  27534    21.815755    76.380000    3.365961
1915084  27534    21.815755    76.380000    2.257812
2872626  27534    21.815755    76.380000    1.509594
4308939  27534    21.815755    76.380000    1.008183
6463408  27534    21.815755    76.380000    0.673592
9695112  27534    21.815755    76.380000    0.449670
14542668  27534    21.815755    76.380000    0.299890
21814002  27534    21.815755    76.380000    0.200055
32721003  27534    21.815755    76.380000    0.133401
