
500  27534    11.173676    100.000000    4.080963
1000  27534    7.259098    100.000000    4.080963
1500  27534    5.967095    100.000000    4.080963
2000  27534    5.300683    100.000000    4.080963
2500  27534    4.920789    99.880000    4.080963
3000  27534    4.658023    99.100000    4.080963
3500  27534    4.470001    98.400000    4.080963
4000  27534    4.322982    97.175000    4.080963
4500  27534    4.219438    96.200000    4.080963
5000  27534    4.133508    94.420000    4.080963
5500  27534    4.058727    93.236364    4.080963
6000  27534    4.009334    90.783333    4.080963
6500  27534    3.948573    90.061538    4.080963
7000  27534    3.908150    87.314286    4.080963
7500  27534    3.873248    85.453333    4.080963
8000  27534    3.837292    83.662500    4.080963
8500  27534    3.809036    82.235294    4.080963
9000  27534    3.785138    80.066667    4.080963
9500  27534    3.759025    78.747368    4.080963
10000  27534    3.744135    76.380000    4.080963
10500  27534    3.726084    74.704762    4.080963
11000  27534    3.702550    73.636364    4.080963
11500  27534    3.690310    71.913043    4.080963
12000  27534    3.680867    70.150000    4.080963
12500  27534    3.668265    68.384000    4.080963
13000  27534    3.649924    67.907692    4.080963
13500  27534    3.647309    65.303704    4.080963
14000  27534    3.629549    64.814286    4.080963
14500  27534    3.618653    63.400000    4.080963
15000  27534    3.608194    62.186667    4.080963
15500  27534    3.603944    60.838710    4.080963
16000  27534    3.595119    59.650000    4.080963
16500  27534    3.587782    58.690909    4.080963
17000  27534    3.575361    58.164706    4.080963
17500  27534    3.579720    56.222857    4.080963
18000  27534    3.569405    55.338889    4.080963
18500  27534    3.562577    54.351351    4.080963
19000  27534    3.557529    53.594737    4.080963
19500  27534    3.548958    52.902564    4.080963
20000  27534    3.547214    51.605000    4.080963
