
500  27534    31.522590    100.000000    4.080963
1000  27534    26.440692    100.000000    4.080963
1500  27534    24.696266    100.000000    4.080963
2000  27534    23.872921    100.000000    4.080963
2500  27534    23.306131    99.880000    4.080963
3000  27534    23.077686    99.100000    4.080963
3500  27534    22.876117    98.400000    4.080963
4000  27534    22.588908    97.175000    4.080963
4500  27534    22.384216    96.200000    4.080963
5000  27534    22.284339    94.420000    4.080963
5500  27534    22.248892    93.236364    4.080963
6000  27534    22.235818    90.783333    4.080963
6500  27534    22.088945    90.061538    4.080963
7000  27534    22.057819    87.314286    4.080963
7500  27534    21.957979    85.453333    4.080963
8000  27534    21.925002    83.662500    4.080963
8500  27534    21.908876    82.235294    4.080963
9000  27534    21.861662    80.066667    4.080963
9500  27534    21.800937    78.747368    4.080963
10000  27534    21.815755    76.380000    4.080963
10500  27534    21.802027    74.704762    4.080963
11000  27534    21.782414    73.636364    4.080963
11500  27534    21.784703    71.913043    4.080963
12000  27534    21.755684    70.150000    4.080963
12500  27534    21.774751    68.384000    4.080963
13000  27534    21.685952    67.907692    4.080963
13500  27534    21.674257    65.303704    4.080963
14000  27534    21.653047    64.814286    4.080963
14500  27534    21.656171    63.400000    4.080963
15000  27534    21.620469    62.186667    4.080963
15500  27534    21.640227    60.838710    4.080963
16000  27534    21.636232    59.650000    4.080963
16500  27534    21.599259    58.690909    4.080963
17000  27534    21.594211    58.164706    4.080963
17500  27534    21.602818    56.222857    4.080963
18000  27534    21.590615    55.338889    4.080963
18500  27534    21.551464    54.351351    4.080963
19000  27534    21.568025    53.594737    4.080963
19500  27534    21.512167    52.902564    4.080963
20000  27534    21.564502    51.605000    4.080963
