
500  16352    14.477801    100.000000    4.080963
1000  16352    7.639616    100.000000    4.080963
1500  16352    5.372615    100.000000    4.080963
2000  16352    4.241438    100.000000    4.080963
2500  16352    3.577605    99.880000    4.080963
3000  16352    3.108916    99.100000    4.080963
3500  16352    2.826443    98.400000    4.080963
4000  16352    2.530210    97.175000    4.080963
4500  16352    2.353351    96.200000    4.080963
5000  16352    2.208476    94.420000    4.080963
5500  16352    2.102189    93.236364    4.080963
6000  16352    2.000183    90.783333    4.080963
6500  16352    1.898789    90.061538    4.080963
7000  16352    1.818249    87.314286    4.080963
7500  16352    1.744435    85.453333    4.080963
8000  16352    1.681568    83.662500    4.080963
8500  16352    1.661937    82.235294    4.080963
9000  16352    1.603841    80.066667    4.080963
9500  16352    1.552899    78.747368    4.080963
10000  16352    1.535531    76.380000    4.080963
10500  16352    1.497798    74.704762    4.080963
11000  16352    1.469851    73.636364    4.080963
11500  16352    1.445756    71.913043    4.080963
12000  16352    1.426920    70.150000    4.080963
12500  16352    1.417502    68.384000    4.080963
13000  16352    1.370719    67.907692    4.080963
13500  16352    1.361729    65.303704    4.080963
14000  16352    1.338185    64.814286    4.080963
14500  16352    1.325037    63.400000    4.080963
15000  16352    1.289078    62.186667    4.080963
15500  16352    1.288894    60.838710    4.080963
16000  16352    1.272994    59.650000    4.080963
16500  16352    1.268897    58.690909    4.080963
17000  16352    1.248227    58.164706    4.080963
17500  16352    1.258256    56.222857    4.080963
18000  16352    1.235812    55.338889    4.080963
18500  16352    1.218567    54.351351    4.080963
19000  16352    1.210983    53.594737    4.080963
19500  16352    1.193187    52.902564    4.080963
20000  16352    1.191047    51.605000    4.080963
