
256  22423    1.609151    76.380000    100.000000
384  22423    1.609151    76.380000    100.000000
576  22423    1.609151    76.380000    100.000000
864  22423    1.609151    76.380000    100.000000
1296  22423    1.609151    76.380000    100.000000
1944  22423    1.609151    76.380000    100.000000
2916  22423    1.609151    76.380000    100.000000
4374  22423    1.609151    76.380000    100.000000
6561  22398    1.609385    76.380000    99.817101
9841  22266    1.605767    76.380000    98.882227
14761  21646    1.601451    76.380000    94.559989
22141  20561    1.565002    76.380000    85.709769
33211  18992    1.550179    76.380000    73.072175
49816  17351    1.559968    76.380000    58.324635
74724  16782    1.552795    76.380000    44.272255
112086  16663    1.556382    76.380000    32.190461
168129  16394    1.536233    76.380000    22.879456
252193  16356    1.535583    76.380000    15.931053
378289  16354    1.535588    76.380000    10.900396
567433  16352    1.535531    76.380000    7.409862
851149  16352    1.535531    76.380000    5.006174
1276723  16352    1.535531    76.380000    3.365961
1915084  16352    1.535531    76.380000    2.257812
2872626  16352    1.535531    76.380000    1.509594
4308939  16352    1.535531    76.380000    1.008183
6463408  16352    1.535531    76.380000    0.673592
9695112  16352    1.535531    76.380000    0.449670
14542668  16352    1.535531    76.380000    0.299890
21814002  16352    1.535531    76.380000    0.200055
32721003  16352    1.535531    76.380000    0.133401
